55
ACoV-WA1087                 0.0000000 0.1109596 0.1064215 0.1447335 0.1607078 0.2132419 0.2321054 0.2100299 0.2111297 0.1944244 0.2125395 0.2515832 0.2353080 0.2224947 0.2121828 0.1921289 0.2312097 0.2119680 0.2861461 0.1982123 0.2995099 0.2620572 0.2852949 0.3892308 0.7117886 0.6325674 0.7316181 0.7302123 0.7257456 0.7137722 0.7383176 0.7598482 0.7254604 0.7407882 0.7060508 0.7367727 0.7320502 0.7826005 0.7802786 0.7841270 0.7566893 0.7594035 0.7846808 0.8097451 0.9426960 0.8380514 0.8318003 1.4866176 1.4863514 1.5089141 1.4754262 1.4910329 1.3930788 1.3056556 2.9634619 
PEDV                        0.1109596 0.0000000 0.1097420 0.1419574 0.1614884 0.2075764 0.2208753 0.2110059 0.2143463 0.1630763 0.1914081 0.2279365 0.2170647 0.2341055 0.1987296 0.1576713 0.2398825 0.2292747 0.3028242 0.2198137 0.3031474 0.2582019 0.2963286 0.4112822 0.7635052 0.6157588 0.7506719 0.7710175 0.7681210 0.7779987 0.7941252 0.8247321 0.8045357 0.7902690 0.7338236 0.7489354 0.7778829 0.8032613 0.7966693 0.7980694 0.7687043 0.7881333 0.7460651 0.8153797 0.9118479 0.8128326 0.8319299 1.5022490 1.4862750 1.5205375 1.4880780 1.5024638 1.4252982 1.2735610 2.9169397 
BtCoV/020_16/M.dau/FIN/2016 0.1064215 0.1097420 0.0000000 0.1246041 0.1819499 0.2360959 0.2353679 0.2162096 0.2189786 0.1895277 0.2311139 0.2547885 0.2419533 0.2238621 0.2337568 0.1836018 0.2508079 0.2353532 0.3243321 0.1937295 0.3108789 0.2804040 0.2948902 0.4156863 0.7635139 0.6075620 0.7593070 0.8136209 0.7981570 0.7994575 0.8107383 0.8449951 0.8317001 0.8170797 0.7771541 0.8093097 0.7912295 0.8391923 0.8177503 0.8352053 0.8022890 0.7997202 0.7649329 0.8064814 0.9164976 0.8146995 0.8879454 1.5125847 1.5213105 1.5715536 1.5282036 1.5301554 1.4401730 1.3374265 2.9500593 
Sc-BatCoV_512               0.1447335 0.1419574 0.1246041 0.0000000 0.1873938 0.2284631 0.2273813 0.2144362 0.2285189 0.2138284 0.2075587 0.2708544 0.2640141 0.2389900 0.2486097 0.2114117 0.2362849 0.2480066 0.3013369 0.2430273 0.3031495 0.2689818 0.3397672 0.4474335 0.7861741 0.6735301 0.7727805 0.7823187 0.7852405 0.7807573 0.8018744 0.8445739 0.8133476 0.8060771 0.7253713 0.7135211 0.7298555 0.8577279 0.8513187 0.8415949 0.8009402 0.7670770 0.7464831 0.8007813 0.9368482 0.8236607 0.8194359 1.4657089 1.5165949 1.5065087 1.4688632 1.5117670 1.3729073 1.3004925 2.9266586 
BtCoV_CDPHE15               0.1607078 0.1614884 0.1819499 0.1873938 0.0000000 0.2006595 0.2308356 0.2010682 0.1974943 0.1897461 0.1986854 0.2423469 0.2310061 0.2202918 0.1960248 0.1732383 0.2114014 0.2227996 0.2770255 0.1797640 0.3290833 0.2625886 0.2991273 0.3691296 0.7345846 0.6260400 0.6961580 0.7487532 0.7220981 0.7354232 0.7435333 0.7952153 0.7675976 0.7522424 0.7174618 0.7512063 0.7492927 0.7765271 0.7540134 0.7509619 0.7686851 0.7520683 0.7157105 0.7930407 0.9217349 0.8188928 0.7569129 1.3977308 1.4197530 1.4305335 1.4087552 1.4167244 1.3400058 1.2491109 2.9695684 
ACoV-WA2028                 0.2132419 0.2075764 0.2360959 0.2284631 0.2006595 0.0000000 0.1017675 0.1002154 0.1116826 0.1871061 0.1859746 0.2062542 0.2003821 0.2057210 0.1660400 0.1777276 0.2172496 0.2041600 0.3197683 0.2140699 0.3335158 0.2918252 0.2878623 0.3970421 0.6707434 0.5832347 0.7084055 0.7789919 0.7597856 0.7597443 0.7621329 0.7815159 0.7878568 0.7619705 0.7090574 0.7347296 0.7438147 0.7539897 0.7320553 0.7507268 0.7472256 0.7713597 0.7781648 0.8470617 0.9483821 0.8382116 0.8117181 1.3840619 1.3784255 1.3963127 1.3937556 1.3657224 1.3829158 1.2885236 2.9376758 
TyBCoV-HKU33                0.2321054 0.2208753 0.2353679 0.2273813 0.2308356 0.1017675 0.0000000 0.1129900 0.1256379 0.1698375 0.1775709 0.1964655 0.2011269 0.2192766 0.1819414 0.1911503 0.2232028 0.2244664 0.3153877 0.2386207 0.3422466 0.3021123 0.3067948 0.4016478 0.6732190 0.6005089 0.7263894 0.7621032 0.7697425 0.7689419 0.7796815 0.7956836 0.7896336 0.7695455 0.7252164 0.7309630 0.7524119 0.7893450 0.7569910 0.7525182 0.7757779 0.7958569 0.7364204 0.8157955 0.9119478 0.8173929 0.8312359 1.4111983 1.3998008 1.4224893 1.4013981 1.3885110 1.3947533 1.3552437 2.7720609 
BtNv-AlphaCoV               0.2100299 0.2110059 0.2162096 0.2144362 0.2010682 0.1002154 0.1129900 0.0000000 0.0767360 0.1659378 0.1726066 0.1844014 0.1872194 0.2087528 0.1562416 0.1747434 0.1844362 0.2008422 0.2644974 0.1938344 0.3147586 0.2841828 0.2589047 0.3853937 0.6752425 0.5905964 0.7373741 0.7563844 0.7320365 0.7214103 0.7681468 0.7829763 0.7898881 0.7693425 0.6982231 0.7197060 0.7356626 0.7724690 0.7583365 0.7492393 0.7762881 0.7685560 0.7657658 0.8438822 0.9799543 0.8681587 0.8269655 1.4359767 1.4249183 1.4643762 1.4540291 1.4251368 1.4252164 1.3625567 2.8666654 
PK-BatCoV                   0.2111297 0.2143463 0.2189786 0.2285189 0.1974943 0.1116826 0.1256379 0.0767360 0.0000000 0.1525036 0.1773877 0.1697872 0.1888379 0.2129586 0.1590477 0.1654286 0.1929647 0.2179556 0.2807147 0.1971567 0.3215443 0.2902859 0.2639297 0.3785739 0.6835579 0.5896429 0.7372051 0.7634652 0.7284352 0.7309556 0.7684269 0.7551934 0.7694044 0.7636816 0.7059479 0.7217889 0.7365092 0.7718219 0.7651814 0.7708900 0.7645278 0.7592292 0.7567577 0.8278157 0.9519613 0.8368152 0.8378584 1.4498507 1.4462713 1.4759444 1.4621413 1.4443364 1.4637077 1.3106953 2.8400074 
ACoV-WA3607                 0.1944244 0.1630763 0.1895277 0.2138284 0.1897461 0.1871061 0.1698375 0.1659378 0.1525036 0.0000000 0.1811342 0.1761681 0.1852453 0.1794891 0.1750723 0.1524263 0.1833305 0.1853386 0.2760747 0.1977490 0.3353821 0.3002844 0.2799544 0.3761362 0.7592015 0.5939388 0.7658195 0.8051342 0.7908856 0.8004329 0.8183876 0.8366559 0.8300811 0.8138585 0.7319483 0.7227822 0.7682159 0.8019652 0.7836511 0.8092478 0.8005997 0.7801039 0.7452916 0.7845907 0.9326170 0.8213210 0.8126255 1.5246201 1.5187718 1.5312450 1.5322658 1.5303744 1.4491072 1.3795814 2.7476154 
BtRf-AlphaCoV               0.2125395 0.1914081 0.2311139 0.2075587 0.1986854 0.1859746 0.1775709 0.1726066 0.1773877 0.1811342 0.0000000 0.1162364 0.0931413 0.2211379 0.1745138 0.1760571 0.2361520 0.2005368 0.2779033 0.2139583 0.3331667 0.2815312 0.2984766 0.4150829 0.6697109 0.6182462 0.7978966 0.7277716 0.7259706 0.7245573 0.7526931 0.7770181 0.7590621 0.7490522 0.6815726 0.7081881 0.7037360 0.7976743 0.7802912 0.7656837 0.7279257 0.7452190 0.7153183 0.7930543 0.9018018 0.8009096 0.8489901 1.4465459 1.3960963 1.3939596 1.3964419 1.4287795 1.4355599 1.3055070 2.7335681 
HipPBCoV-CHB25              0.2515832 0.2279365 0.2547885 0.2708544 0.2423469 0.2062542 0.1964655 0.1844014 0.1697872 0.1761681 0.1162364 0.0000000 0.0646106 0.2476222 0.1708769 0.1840003 0.2488608 0.2319700 0.2857042 0.2478302 0.3460726 0.3175695 0.3202108 0.4279449 0.7392758 0.6667894 0.7961320 0.7693763 0.7490412 0.7607111 0.8005302 0.8184250 0.8079552 0.7744801 0.7314405 0.7420882 0.7490581 0.7953557 0.7814849 0.7758113 0.7409582 0.7399565 0.7615165 0.8148253 0.9255215 0.8334048 0.8150201 1.4734262 1.4305167 1.4609144 1.4310373 1.4589621 1.5412905 1.3774070 2.7310604 
BtCoV_HKU10                 0.2353080 0.2170647 0.2419533 0.2640141 0.2310061 0.2003821 0.2011269 0.1872194 0.1888379 0.1852453 0.0931413 0.0646106 0.0000000 0.2249923 0.1772092 0.1835496 0.2711253 0.2176040 0.2919468 0.2417950 0.3519252 0.3107887 0.3108336 0.4155015 0.7448466 0.6396810 0.7978688 0.7707485 0.7406323 0.7440464 0.7866710 0.8039562 0.7957151 0.7704386 0.7298728 0.7476613 0.7225762 0.7794934 0.7570395 0.7423492 0.7199178 0.7352389 0.7396073 0.7780583 0.9118761 0.8031693 0.8062934 1.4681368 1.4234482 1.4451063 1.4203225 1.4405323 1.5088103 1.3596999 2.7979935 
Rh-BatCoV_HKU2              0.2224947 0.2341055 0.2238621 0.2389900 0.2202918 0.2057210 0.2192766 0.2087528 0.2129586 0.1794891 0.2211379 0.2476222 0.2249923 0.0000000 0.2020478 0.1920752 0.2356098 0.2051816 0.2950346 0.1834442 0.2813319 0.2264925 0.2997935 0.3744817 0.6464118 0.5957554 0.7402470 0.7900733 0.7771837 0.7746404 0.7313516 0.7612693 0.7442759 0.7962657 0.7114166 0.7325000 0.7455009 0.8442868 0.8084587 0.8188949 0.8018882 0.7823031 0.7660454 0.8141780 0.9630136 0.8481352 0.8494623 1.4424955 1.4096903 1.4385463 1.4075836 1.3999431 1.3596399 1.3527130 2.6991494 
Mi-BatCoV_1A                0.2121828 0.1987296 0.2337568 0.2486097 0.1960248 0.1660400 0.1819414 0.1562416 0.1590477 0.1750723 0.1745138 0.1708769 0.1772092 0.2020478 0.0000000 0.1051231 0.1989819 0.1882399 0.2763908 0.2074734 0.2752188 0.2860630 0.2766779 0.3866449 0.6469461 0.6378373 0.7147536 0.7179546 0.6920486 0.6943762 0.7701357 0.7828195 0.7840050 0.7474325 0.6593532 0.6947037 0.6980596 0.7953549 0.7641099 0.7848496 0.7957133 0.7529614 0.7237422 0.7856464 0.9282120 0.8126989 0.8144426 1.4253092 1.4195503 1.4310850 1.4260010 1.4162711 1.4004718 1.3823861 2.9071114 
Mi-BatCoV_HKU8              0.1921289 0.1576713 0.1836018 0.2114117 0.1732383 0.1777276 0.1911503 0.1747434 0.1654286 0.1524263 0.1760571 0.1840003 0.1835496 0.1920752 0.1051231 0.0000000 0.1968705 0.1936117 0.2635881 0.2158820 0.2969823 0.2785741 0.2497173 0.3939037 0.6560920 0.6382792 0.6915123 0.7429976 0.7172773 0.7190629 0.7980139 0.8130648 0.8138089 0.7929185 0.6680728 0.7021236 0.7112881 0.7692362 0.7482854 0.7528665 0.7562383 0.7432746 0.7427545 0.7795235 0.9367913 0.8142738 0.7977768 1.4250424 1.3945610 1.4124569 1.3979257 1.3991084 1.4201927 1.3741056 2.9101175 
BtKYNL63_APD51481.1         0.2312097 0.2398825 0.2508079 0.2362849 0.2114014 0.2172496 0.2232028 0.1844362 0.1929647 0.1833305 0.2361520 0.2488608 0.2711253 0.2356098 0.1989819 0.1968705 0.0000000 0.1607961 0.1645562 0.2102900 0.3322961 0.3193288 0.2958157 0.3866284 0.6421298 0.6269940 0.7539097 0.7720973 0.7559159 0.7333191 0.7272947 0.7630244 0.7610401 0.7366318 0.6978091 0.7243714 0.7336509 0.8110978 0.7857504 0.7936681 0.7872541 0.7644348 0.7507747 0.8045969 0.9391087 0.8308172 0.7572262 1.4198895 1.4477616 1.4737313 1.4398273 1.4460631 1.4413705 1.4107572 2.7064717 
HCoV_229E                   0.2119680 0.2292747 0.2353532 0.2480066 0.2227996 0.2041600 0.2244664 0.2008422 0.2179556 0.1853386 0.2005368 0.2319700 0.2176040 0.2051816 0.1882399 0.1936117 0.1607961 0.0000000 0.2274318 0.2305654 0.3135175 0.2930596 0.2776506 0.4006975 0.6800807 0.6713577 0.8061120 0.7957030 0.7723341 0.7560364 0.7989821 0.8181017 0.8149732 0.7683232 0.6844569 0.7088832 0.7134735 0.8169720 0.7910078 0.8212043 0.7821264 0.7577210 0.7561235 0.8216974 0.9494779 0.8373112 0.8284029 1.4381295 1.4554937 1.4664690 1.4150893 1.4120518 1.3646785 1.3440890 2.6733012 
HCoV_NL63                   0.2861461 0.3028242 0.3243321 0.3013369 0.2770255 0.3197683 0.3153877 0.2644974 0.2807147 0.2760747 0.2779033 0.2857042 0.2919468 0.2950346 0.2763908 0.2635881 0.1645562 0.2274318 0.0000000 0.2752639 0.3717498 0.3451265 0.3205250 0.4480860 0.7055143 0.6940962 0.8010805 0.7883192 0.7739802 0.7475921 0.7560413 0.7953125 0.7747719 0.7592386 0.7766528 0.8108461 0.7768089 0.8686051 0.8583390 0.8437526 0.8384043 0.7820372 0.8110052 0.8657567 1.0042337 0.8946579 0.7955761 1.4493294 1.5227297 1.5406153 1.4714074 1.4700599 1.5187178 1.4896971 2.8022226 
BtMr-AlphaCoV               0.1982123 0.2198137 0.1937295 0.2430273 0.1797640 0.2140699 0.2386207 0.1938344 0.1971567 0.1977490 0.2139583 0.2478302 0.2417950 0.1834442 0.2074734 0.2158820 0.2102900 0.2305654 0.2752639 0.0000000 0.2934754 0.2621554 0.3068750 0.3917914 0.6627141 0.6197088 0.7271826 0.8091472 0.7674686 0.7796188 0.7302765 0.7689497 0.7593216 0.7957509 0.7291316 0.7604005 0.7701957 0.8007475 0.7877210 0.7977212 0.7828931 0.7996788 0.7609294 0.8063030 0.9228846 0.8216733 0.8211068 1.3932745 1.4027344 1.4271865 1.3946069 1.3962808 1.4103963 1.3606410 3.0490918 
MCoV                        0.2995099 0.3031474 0.3108789 0.3031495 0.3290833 0.3335158 0.3422466 0.3147586 0.3215443 0.3353821 0.3331667 0.3460726 0.3519252 0.2813319 0.2752188 0.2969823 0.3322961 0.3135175 0.3717498 0.2934754 0.0000000 0.1413354 0.3686975 0.4333456 0.6908334 0.6562923 0.8145277 0.8167380 0.8119161 0.8062840 0.7984463 0.8089625 0.7898801 0.7897124 0.7140912 0.7111967 0.7176261 0.8841449 0.8473982 0.8440482 0.8236553 0.8405995 0.8175307 0.8615352 1.0083796 0.8853839 0.8606900 1.6150605 1.6383772 1.6271618 1.6239427 1.6089399 1.5104614 1.4579613 2.8595315 
TGEV                        0.2620572 0.2582019 0.2804040 0.2689818 0.2625886 0.2918252 0.3021123 0.2841828 0.2902859 0.3002844 0.2815312 0.3175695 0.3107887 0.2264925 0.2860630 0.2785741 0.3193288 0.2930596 0.3451265 0.2621554 0.1413354 0.0000000 0.3614720 0.4325872 0.7334133 0.6659727 0.7799624 0.7652729 0.7678092 0.7603250 0.7392966 0.7457261 0.7532237 0.7529230 0.7214247 0.7105944 0.7358840 0.8693361 0.8370898 0.8275431 0.8206728 0.8084949 0.8583690 0.8957332 1.0126604 0.9006471 0.8555726 1.5861461 1.5528148 1.5718937 1.5360106 1.5293074 1.4617610 1.3953297 3.0128647 
BtCoV-AMA-L-F               0.2852949 0.2963286 0.2948902 0.3397672 0.2991273 0.2878623 0.3067948 0.2589047 0.2639297 0.2799544 0.2984766 0.3202108 0.3108336 0.2997935 0.2766779 0.2497173 0.2958157 0.2776506 0.3205250 0.3068750 0.3686975 0.3614720 0.0000000 0.4162925 0.6292892 0.6101276 0.8131336 0.8256543 0.7929702 0.8050949 0.7910297 0.8123651 0.7997369 0.7679623 0.7474335 0.7580632 0.7409031 0.7895441 0.7675770 0.8030806 0.7432457 0.7607595 0.8025979 0.8486628 0.9825597 0.8862092 0.8283529 1.5351456 1.5339501 1.5954320 1.5219834 1.5092770 1.5426797 1.4477774 2.6164774 
LRNV                        0.3892308 0.4112822 0.4156863 0.4474335 0.3691296 0.3970421 0.4016478 0.3853937 0.3785739 0.3761362 0.4150829 0.4279449 0.4155015 0.3744817 0.3866449 0.3939037 0.3866284 0.4006975 0.4480860 0.3917914 0.4333456 0.4325872 0.4162925 0.0000000 0.6793160 0.6870345 0.9037810 0.9007658 0.9319188 0.9008223 0.9053537 0.8996371 0.8928049 0.8350165 0.8208125 0.8835853 0.8693843 1.0264644 1.0118489 0.9749172 0.9885015 0.9616997 0.8222565 0.8710050 1.0345393 0.9104440 0.9154451 1.6466799 1.6278998 1.6747886 1.6606311 1.6116968 1.5308688 1.5402438 2.7395719 
Sm-CoV_X74                  0.7117886 0.7635052 0.7635139 0.7861741 0.7345846 0.6707434 0.6732190 0.6752425 0.6835579 0.7592015 0.6697109 0.7392758 0.7448466 0.6464118 0.6469461 0.6560920 0.6421298 0.6800807 0.7055143 0.6627141 0.6908334 0.7334133 0.6292892 0.6793160 0.0000000 0.8208343 1.0278999 0.9973179 1.0177664 0.9871797 0.9643247 1.0110083 1.0155319 1.0479675 0.8519157 0.9264778 0.9027323 1.0872691 1.0495453 1.0407688 1.0501415 1.0259715 0.9745224 0.9714455 1.0871461 1.0091869 1.0700691 1.6073177 1.5953646 1.6377118 1.6291900 1.5766001 1.7315909 1.6467611 2.8294591 
Sa-CoV_T14                  0.6325674 0.6157588 0.6075620 0.6735301 0.6260400 0.5832347 0.6005089 0.5905964 0.5896429 0.5939388 0.6182462 0.6667894 0.6396810 0.5957554 0.6378373 0.6382792 0.6269940 0.6713577 0.6940962 0.6197088 0.6562923 0.6659727 0.6101276 0.6870345 0.8208343 0.0000000 0.8485862 0.9493032 0.9513287 0.9707791 0.9073731 0.8985283 0.9072638 0.9067825 0.8273705 0.8600265 0.8356328 0.8730888 0.8435710 0.8752967 0.8203582 0.8982483 0.8250794 0.8620316 1.0534643 0.8781432 0.9269419 1.6057214 1.5292195 1.5422176 1.5832777 1.5283692 1.4953623 1.4812789 2.4887862 
Bat_Hp-BetaCoV              0.7316181 0.7506719 0.7593070 0.7727805 0.6961580 0.7084055 0.7263894 0.7373741 0.7372051 0.7658195 0.7978966 0.7961320 0.7978688 0.7402470 0.7147536 0.6915123 0.7539097 0.8061120 0.8010805 0.7271826 0.8145277 0.7799624 0.8131336 0.9037810 1.0278999 0.8485862 0.0000000 0.3602538 0.3607231 0.3642411 0.5184885 0.4841527 0.5006160 0.5060412 0.4888333 0.5005668 0.4972119 0.5545153 0.5422043 0.5285847 0.5357026 0.5680971 0.7934818 0.8066808 0.8844974 0.8203995 0.8079777 1.4886599 1.4823033 1.4860227 1.5264704 1.4999131 1.5006260 1.4038208 2.4984915 
SARSr-CoV                   0.7302123 0.7710175 0.8136209 0.7823187 0.7487532 0.7789919 0.7621032 0.7563844 0.7634652 0.8051342 0.7277716 0.7693763 0.7707485 0.7900733 0.7179546 0.7429976 0.7720973 0.7957030 0.7883192 0.8091472 0.8167380 0.7652729 0.8256543 0.9007658 0.9973179 0.9493032 0.3602538 0.0000000 0.0478354 0.0484406 0.5527933 0.5085556 0.5183237 0.4905630 0.5159080 0.5390408 0.5342240 0.5860504 0.5791787 0.5965674 0.5789282 0.5764457 0.7751561 0.8194976 0.9080456 0.8045615 0.8681582 1.3875805 1.3813870 1.4458841 1.3923978 1.3792120 1.4455258 1.4790012 2.5441977 
SARS-CoV                    0.7257456 0.7681210 0.7981570 0.7852405 0.7220981 0.7597856 0.7697425 0.7320365 0.7284352 0.7908856 0.7259706 0.7490412 0.7406323 0.7771837 0.6920486 0.7172773 0.7559159 0.7723341 0.7739802 0.7674686 0.8119161 0.7678092 0.7929702 0.9319188 1.0177664 0.9513287 0.3607231 0.0478354 0.0000000 0.0377660 0.5237561 0.5017004 0.5133412 0.4955724 0.5060788 0.5344121 0.5166358 0.5690886 0.5662886 0.5896304 0.5548904 0.5791694 0.7868568 0.8214807 0.8990295 0.7972012 0.8586840 1.4236049 1.3978593 1.4568669 1.4274270 1.4159074 1.4709199 1.5214028 2.5716444 
SARS-CoV-2                  0.7137722 0.7779987 0.7994575 0.7807573 0.7354232 0.7597443 0.7689419 0.7214103 0.7309556 0.8004329 0.7245573 0.7607111 0.7440464 0.7746404 0.6943762 0.7190629 0.7333191 0.7560364 0.7475921 0.7796188 0.8062840 0.7603250 0.8050949 0.9008223 0.9871797 0.9707791 0.3642411 0.0484406 0.0377660 0.0000000 0.5150401 0.4896428 0.5083444 0.4935966 0.4820518 0.5170212 0.5089388 0.5634473 0.5605155 0.5850345 0.5603468 0.5613566 0.7577821 0.8098474 0.8982885 0.7975197 0.8779171 1.4325878 1.4129515 1.4785474 1.4431481 1.4261722 1.4495662 1.5058738 2.6422591 
EriCoV                      0.7383176 0.7941252 0.8107383 0.8018744 0.7435333 0.7621329 0.7796815 0.7681468 0.7684269 0.8183876 0.7526931 0.8005302 0.7866710 0.7313516 0.7701357 0.7980139 0.7272947 0.7989821 0.7560413 0.7302765 0.7984463 0.7392966 0.7910297 0.9053537 0.9643247 0.9073731 0.5184885 0.5527933 0.5237561 0.5150401 0.0000000 0.0853959 0.1114847 0.1511549 0.5614256 0.5528449 0.5509156 0.5821518 0.5979222 0.5972390 0.6025946 0.6382305 0.9179097 0.9169826 1.0226699 0.9227148 0.8870806 1.4727388 1.4462570 1.4533855 1.4677698 1.4427150 1.4678404 1.4689187 2.5715041 
MERS-CoV                    0.7598482 0.8247321 0.8449951 0.8445739 0.7952153 0.7815159 0.7956836 0.7829763 0.7551934 0.8366559 0.7770181 0.8184250 0.8039562 0.7612693 0.7828195 0.8130648 0.7630244 0.8181017 0.7953125 0.7689497 0.8089625 0.7457261 0.8123651 0.8996371 1.0110083 0.8985283 0.4841527 0.5085556 0.5017004 0.4896428 0.0853959 0.0000000 0.0578812 0.1203813 0.5255522 0.5294474 0.5316931 0.5631596 0.5901716 0.5887568 0.5824618 0.6186746 0.9026554 0.9083389 1.0449855 0.9384421 0.9226310 1.5394137 1.5118704 1.4945532 1.5073980 1.4856101 1.4849073 1.4792177 2.5210324 
Pi-BatCoV_HKU5              0.7254604 0.8045357 0.8317001 0.8133476 0.7675976 0.7878568 0.7896336 0.7898881 0.7694044 0.8300811 0.7590621 0.8079552 0.7957151 0.7442759 0.7840050 0.8138089 0.7610401 0.8149732 0.7747719 0.7593216 0.7898801 0.7532237 0.7997369 0.8928049 1.0155319 0.9072638 0.5006160 0.5183237 0.5133412 0.5083444 0.1114847 0.0578812 0.0000000 0.1119895 0.5261015 0.5432673 0.5323183 0.5738228 0.6057472 0.5970050 0.5871034 0.6148929 0.8941367 0.9206364 1.0115258 0.9170840 0.9252044 1.5128086 1.5276106 1.4915705 1.4967828 1.4978029 1.4845583 1.4655713 2.5717470 
Ty-BatCoV-HKU4              0.7407882 0.7902690 0.8170797 0.8060771 0.7522424 0.7619705 0.7695455 0.7693425 0.7636816 0.8138585 0.7490522 0.7744801 0.7704386 0.7962657 0.7474325 0.7929185 0.7366318 0.7683232 0.7592386 0.7957509 0.7897124 0.7529230 0.7679623 0.8350165 1.0479675 0.9067825 0.5060412 0.4905630 0.4955724 0.4935966 0.1511549 0.1203813 0.1119895 0.0000000 0.5244135 0.5642837 0.5075725 0.5465798 0.5643950 0.5503789 0.5532772 0.5765258 0.8799505 0.8774399 0.9409690 0.8621654 0.8741931 1.5168516 1.5310685 1.5138841 1.5151019 1.4705875 1.4648794 1.4276814 2.4314009 
Ei-BatCoV_C704              0.7060508 0.7338236 0.7771541 0.7253713 0.7174618 0.7090574 0.7252164 0.6982231 0.7059479 0.7319483 0.6815726 0.7314405 0.7298728 0.7114166 0.6593532 0.6680728 0.6978091 0.6844569 0.7766528 0.7291316 0.7140912 0.7214247 0.7474335 0.8208125 0.8519157 0.8273705 0.4888333 0.5159080 0.5060788 0.4820518 0.5614256 0.5255522 0.5261015 0.5244135 0.0000000 0.1852395 0.1394595 0.5206596 0.5185200 0.5306316 0.5340620 0.4905320 0.7736298 0.7154253 0.8462968 0.7386638 0.8478191 1.4265455 1.4102226 1.3924559 1.4567678 1.4423530 1.4052346 1.4126147 2.4880352 
Ro-BatCoV_GCCDC1            0.7367727 0.7489354 0.8093097 0.7135211 0.7512063 0.7347296 0.7309630 0.7197060 0.7217889 0.7227822 0.7081881 0.7420882 0.7476613 0.7325000 0.6947037 0.7021236 0.7243714 0.7088832 0.8108461 0.7604005 0.7111967 0.7105944 0.7580632 0.8835853 0.9264778 0.8600265 0.5005668 0.5390408 0.5344121 0.5170212 0.5528449 0.5294474 0.5432673 0.5642837 0.1852395 0.0000000 0.1484413 0.5461679 0.5758582 0.6130734 0.5991972 0.5573592 0.7406923 0.7142198 0.8643000 0.7326240 0.8067957 1.4501727 1.4056811 1.3913244 1.4318204 1.4114854 1.4426027 1.4111412 2.4201741 
Ro-BatCoV_HKU9              0.7320502 0.7778829 0.7912295 0.7298555 0.7492927 0.7438147 0.7524119 0.7356626 0.7365092 0.7682159 0.7037360 0.7490581 0.7225762 0.7455009 0.6980596 0.7112881 0.7336509 0.7134735 0.7768089 0.7701957 0.7176261 0.7358840 0.7409031 0.8693843 0.9027323 0.8356328 0.4972119 0.5342240 0.5166358 0.5089388 0.5509156 0.5316931 0.5323183 0.5075725 0.1394595 0.1484413 0.0000000 0.5130391 0.5224894 0.5403725 0.5358215 0.4921733 0.7601604 0.7139885 0.8196856 0.7251227 0.8129474 1.4222538 1.4378663 1.4323823 1.4696586 1.4286718 1.4100456 1.4005855 2.5208321 
ChRCoV_HKU24                0.7826005 0.8032613 0.8391923 0.8577279 0.7765271 0.7539897 0.7893450 0.7724690 0.7718219 0.8019652 0.7976743 0.7953557 0.7794934 0.8442868 0.7953549 0.7692362 0.8110978 0.8169720 0.8686051 0.8007475 0.8841449 0.8693361 0.7895441 1.0264644 1.0872691 0.8730888 0.5545153 0.5860504 0.5690886 0.5634473 0.5821518 0.5631596 0.5738228 0.5465798 0.5206596 0.5461679 0.5130391 0.0000000 0.1134787 0.1330408 0.1485346 0.1853564 0.7695318 0.8039015 0.8780154 0.7657156 0.8362648 1.4656238 1.5191937 1.5223829 1.5309575 1.5287989 1.5327548 1.4453237 2.6195039 
HCoV_OC43                   0.7802786 0.7966693 0.8177503 0.8513187 0.7540134 0.7320553 0.7569910 0.7583365 0.7651814 0.7836511 0.7802912 0.7814849 0.7570395 0.8084587 0.7641099 0.7482854 0.7857504 0.7910078 0.8583390 0.7877210 0.8473982 0.8370898 0.7675770 1.0118489 1.0495453 0.8435710 0.5422043 0.5791787 0.5662886 0.5605155 0.5979222 0.5901716 0.6057472 0.5643950 0.5185200 0.5758582 0.5224894 0.1134787 0.0000000 0.0993821 0.1248606 0.1823087 0.7779148 0.8187013 0.8826014 0.7872307 0.7978393 1.5134771 1.5529156 1.5309951 1.5632829 1.5460784 1.5410762 1.4991545 2.5347900 
MrufCoV_2JL14               0.7841270 0.7980694 0.8352053 0.8415949 0.7509619 0.7507268 0.7525182 0.7492393 0.7708900 0.8092478 0.7656837 0.7758113 0.7423492 0.8188949 0.7848496 0.7528665 0.7936681 0.8212043 0.8437526 0.7977212 0.8440482 0.8275431 0.8030806 0.9749172 1.0407688 0.8752967 0.5285847 0.5965674 0.5896304 0.5850345 0.5972390 0.5887568 0.5970050 0.5503789 0.5306316 0.6130734 0.5403725 0.1330408 0.0993821 0.0000000 0.1602418 0.2162634 0.7433822 0.7854516 0.8590370 0.7689722 0.7187835 1.5075547 1.5430111 1.5471543 1.5465142 1.5298249 1.5560987 1.4406887 2.5950485 
MHV                         0.7566893 0.7687043 0.8022890 0.8009402 0.7686851 0.7472256 0.7757779 0.7762881 0.7645278 0.8005997 0.7279257 0.7409582 0.7199178 0.8018882 0.7957133 0.7562383 0.7872541 0.7821264 0.8384043 0.7828931 0.8236553 0.8206728 0.7432457 0.9885015 1.0501415 0.8203582 0.5357026 0.5789282 0.5548904 0.5603468 0.6025946 0.5824618 0.5871034 0.5532772 0.5340620 0.5991972 0.5358215 0.1485346 0.1248606 0.1602418 0.0000000 0.1237964 0.8047507 0.8010412 0.8623542 0.7608102 0.7999900 1.4676711 1.4732648 1.4897899 1.4836084 1.4852582 1.5347314 1.4325816 2.4431426 
HCoV_HKU1                   0.7594035 0.7881333 0.7997202 0.7670770 0.7520683 0.7713597 0.7958569 0.7685560 0.7592292 0.7801039 0.7452190 0.7399565 0.7352389 0.7823031 0.7529614 0.7432746 0.7644348 0.7577210 0.7820372 0.7996788 0.8405995 0.8084949 0.7607595 0.9616997 1.0259715 0.8982483 0.5680971 0.5764457 0.5791694 0.5613566 0.6382305 0.6186746 0.6148929 0.5765258 0.4905320 0.5573592 0.4921733 0.1853564 0.1823087 0.2162634 0.1237964 0.0000000 0.7415433 0.7823958 0.8299491 0.7364144 0.8218192 1.4128367 1.4945362 1.5138958 1.5113827 1.4991731 1.5321223 1.4791052 2.4042690 
BcanCoV_CB17                0.7846808 0.7460651 0.7649329 0.7464831 0.7157105 0.7781648 0.7364204 0.7657658 0.7567577 0.7452916 0.7153183 0.7615165 0.7396073 0.7660454 0.7237422 0.7427545 0.7507747 0.7561235 0.8110052 0.7609294 0.8175307 0.8583690 0.8025979 0.8222565 0.9745224 0.8250794 0.7934818 0.7751561 0.7868568 0.7577821 0.9179097 0.9026554 0.8941367 0.8799505 0.7736298 0.7406923 0.7601604 0.7695318 0.7779148 0.7433822 0.8047507 0.7415433 0.0000000 0.1823212 0.2897958 0.2087509 0.5685656 1.1824364 1.1946172 1.2114415 1.2106976 1.2040141 1.1949622 1.1282431 2.2359016 
DuCoV_2714                  0.8097451 0.8153797 0.8064814 0.8007813 0.7930407 0.8470617 0.8157955 0.8438822 0.8278157 0.7845907 0.7930543 0.8148253 0.7780583 0.8141780 0.7856464 0.7795235 0.8045969 0.8216974 0.8657567 0.8063030 0.8615352 0.8957332 0.8486628 0.8710050 0.9714455 0.8620316 0.8066808 0.8194976 0.8214807 0.8098474 0.9169826 0.9083389 0.9206364 0.8774399 0.7154253 0.7142198 0.7139885 0.8039015 0.8187013 0.7854516 0.8010412 0.7823958 0.1823212 0.0000000 0.1581341 0.0742850 0.5814698 1.2055335 1.2259200 1.2211544 1.2378857 1.2013253 1.1825397 1.1476309 2.2947200 
ACoV_9203                   0.9426960 0.9118479 0.9164976 0.9368482 0.9217349 0.9483821 0.9119478 0.9799543 0.9519613 0.9326170 0.9018018 0.9255215 0.9118761 0.9630136 0.9282120 0.9367913 0.9391087 0.9494779 1.0042337 0.9228846 1.0083796 1.0126604 0.9825597 1.0345393 1.0871461 1.0534643 0.8844974 0.9080456 0.8990295 0.8982885 1.0226699 1.0449855 1.0115258 0.9409690 0.8462968 0.8643000 0.8196856 0.8780154 0.8826014 0.8590370 0.8623542 0.8299491 0.2897958 0.1581341 0.0000000 0.0933723 0.7038740 1.3664368 1.4084941 1.4326828 1.3894906 1.3538272 1.3387448 1.3486250 2.3916560 
IBV                         0.8380514 0.8128326 0.8146995 0.8236607 0.8188928 0.8382116 0.8173929 0.8681587 0.8368152 0.8213210 0.8009096 0.8334048 0.8031693 0.8481352 0.8126989 0.8142738 0.8308172 0.8373112 0.8946579 0.8216733 0.8853839 0.9006471 0.8862092 0.9104440 1.0091869 0.8781432 0.8203995 0.8045615 0.7972012 0.7975197 0.9227148 0.9384421 0.9170840 0.8621654 0.7386638 0.7326240 0.7251227 0.7657156 0.7872307 0.7689722 0.7608102 0.7364144 0.2087509 0.0742850 0.0933723 0.0000000 0.5973342 1.2030228 1.2208289 1.2139463 1.2054158 1.1753074 1.1456313 1.1553520 2.3032434 
BWCoV                       0.8318003 0.8319299 0.8879454 0.8194359 0.7569129 0.8117181 0.8312359 0.8269655 0.8378584 0.8126255 0.8489901 0.8150201 0.8062934 0.8494623 0.8144426 0.7977768 0.7572262 0.8284029 0.7955761 0.8211068 0.8606900 0.8555726 0.8283529 0.9154451 1.0700691 0.9269419 0.8079777 0.8681582 0.8586840 0.8779171 0.8870806 0.9226310 0.9252044 0.8741931 0.8478191 0.8067957 0.8129474 0.8362648 0.7978393 0.7187835 0.7999900 0.8218192 0.5685656 0.5814698 0.7038740 0.5973342 0.0000000 1.4219650 1.4376539 1.4663504 1.4149748 1.4202352 1.4097064 1.3437695 2.4112191 
CMCoV_HKU21                 1.4866176 1.5022490 1.5125847 1.4657089 1.3977308 1.3840619 1.4111983 1.4359767 1.4498507 1.5246201 1.4465459 1.4734262 1.4681368 1.4424955 1.4253092 1.4250424 1.4198895 1.4381295 1.4493294 1.3932745 1.6150605 1.5861461 1.5351456 1.6466799 1.6073177 1.6057214 1.4886599 1.3875805 1.4236049 1.4325878 1.4727388 1.5394137 1.5128086 1.5168516 1.4265455 1.4501727 1.4222538 1.4656238 1.5134771 1.5075547 1.4676711 1.4128367 1.1824364 1.2055335 1.3664368 1.2030228 1.4219650 0.0000000 0.1859379 0.2049082 0.1731567 0.1942762 0.4830564 0.4963734 2.8659373 
BulCV_HKU11                 1.4863514 1.4862750 1.5213105 1.5165949 1.4197530 1.3784255 1.3998008 1.4249183 1.4462713 1.5187718 1.3960963 1.4305167 1.4234482 1.4096903 1.4195503 1.3945610 1.4477616 1.4554937 1.5227297 1.4027344 1.6383772 1.5528148 1.5339501 1.6278998 1.5953646 1.5292195 1.4823033 1.3813870 1.3978593 1.4129515 1.4462570 1.5118704 1.5276106 1.5310685 1.4102226 1.4056811 1.4378663 1.5191937 1.5529156 1.5430111 1.4732648 1.4945362 1.1946172 1.2259200 1.4084941 1.2208289 1.4376539 0.1859379 0.0000000 0.0730402 0.0910939 0.0907902 0.4873000 0.5029579 2.8867022 
WECoV_HKU16                 1.5089141 1.5205375 1.5715536 1.5065087 1.4305335 1.3963127 1.4224893 1.4643762 1.4759444 1.5312450 1.3939596 1.4609144 1.4451063 1.4385463 1.4310850 1.4124569 1.4737313 1.4664690 1.5406153 1.4271865 1.6271618 1.5718937 1.5954320 1.6747886 1.6377118 1.5422176 1.4860227 1.4458841 1.4568669 1.4785474 1.4533855 1.4945532 1.4915705 1.5138841 1.3924559 1.3913244 1.4323823 1.5223829 1.5309951 1.5471543 1.4897899 1.5138958 1.2114415 1.2211544 1.4326828 1.2139463 1.4663504 0.2049082 0.0730402 0.0000000 0.1149097 0.1340104 0.4788130 0.5299285 2.9120938 
MunCV_HKU13                 1.4754262 1.4880780 1.5282036 1.4688632 1.4087552 1.3937556 1.4013981 1.4540291 1.4621413 1.5322658 1.3964419 1.4310373 1.4203225 1.4075836 1.4260010 1.3979257 1.4398273 1.4150893 1.4714074 1.3946069 1.6239427 1.5360106 1.5219834 1.6606311 1.6291900 1.5832777 1.5264704 1.3923978 1.4274270 1.4431481 1.4677698 1.5073980 1.4967828 1.5151019 1.4567678 1.4318204 1.4696586 1.5309575 1.5632829 1.5465142 1.4836084 1.5113827 1.2106976 1.2378857 1.3894906 1.2054158 1.4149748 0.1731567 0.0910939 0.1149097 0.0000000 0.1019502 0.4943484 0.5010900 2.9858861 
PoCoV_HKU15                 1.4910329 1.5024638 1.5301554 1.5117670 1.4167244 1.3657224 1.3885110 1.4251368 1.4443364 1.5303744 1.4287795 1.4589621 1.4405323 1.3999431 1.4162711 1.3991084 1.4460631 1.4120518 1.4700599 1.3962808 1.6089399 1.5293074 1.5092770 1.6116968 1.5766001 1.5283692 1.4999131 1.3792120 1.4159074 1.4261722 1.4427150 1.4856101 1.4978029 1.4705875 1.4423530 1.4114854 1.4286718 1.5287989 1.5460784 1.5298249 1.4852582 1.4991731 1.2040141 1.2013253 1.3538272 1.1753074 1.4202352 0.1942762 0.0907902 0.1340104 0.1019502 0.0000000 0.5001529 0.5294660 2.9053252 
NHCoV_HKU19                 1.3930788 1.4252982 1.4401730 1.3729073 1.3400058 1.3829158 1.3947533 1.4252164 1.4637077 1.4491072 1.4355599 1.5412905 1.5088103 1.3596399 1.4004718 1.4201927 1.4413705 1.3646785 1.5187178 1.4103963 1.5104614 1.4617610 1.5426797 1.5308688 1.7315909 1.4953623 1.5006260 1.4455258 1.4709199 1.4495662 1.4678404 1.4849073 1.4845583 1.4648794 1.4052346 1.4426027 1.4100456 1.5327548 1.5410762 1.5560987 1.5347314 1.5321223 1.1949622 1.1825397 1.3387448 1.1456313 1.4097064 0.4830564 0.4873000 0.4788130 0.4943484 0.5001529 0.0000000 0.4991752 3.2126458 
WiCoV_HKU20                 1.3056556 1.2735610 1.3374265 1.3004925 1.2491109 1.2885236 1.3552437 1.3625567 1.3106953 1.3795814 1.3055070 1.3774070 1.3596999 1.3527130 1.3823861 1.3741056 1.4107572 1.3440890 1.4896971 1.3606410 1.4579613 1.3953297 1.4477774 1.5402438 1.6467611 1.4812789 1.4038208 1.4790012 1.5214028 1.5058738 1.4689187 1.4792177 1.4655713 1.4276814 1.4126147 1.4111412 1.4005855 1.4453237 1.4991545 1.4406887 1.4325816 1.4791052 1.1282431 1.1476309 1.3486250 1.1553520 1.3437695 0.4963734 0.5029579 0.5299285 0.5010900 0.5294660 0.4991752 0.0000000 2.7202999 
PsNV                        2.9634619 2.9169397 2.9500593 2.9266586 2.9695684 2.9376758 2.7720609 2.8666654 2.8400074 2.7476154 2.7335681 2.7310604 2.7979935 2.6991494 2.9071114 2.9101175 2.7064717 2.6733012 2.8022226 3.0490918 2.8595315 3.0128647 2.6164774 2.7395719 2.8294591 2.4887862 2.4984915 2.5441977 2.5716444 2.6422591 2.5715041 2.5210324 2.5717470 2.4314009 2.4880352 2.4201741 2.5208321 2.6195039 2.5347900 2.5950485 2.4431426 2.4042690 2.2359016 2.2947200 2.3916560 2.3032434 2.4112191 2.8659373 2.8867022 2.9120938 2.9858861 2.9053252 3.2126458 2.7202999 0.0000000 
