54
ACoV-WA1087                 0.0000000 0.1438354 0.1481589 0.1731178 0.2311049 0.2810318 0.2957266 0.3052439 0.3005308 0.2588413 0.2816153 0.3107847 0.2919165 0.3235537 0.3269033 0.2920572 0.2945696 0.2785893 0.3569766 0.3070774 0.4456672 0.4031387 0.3819811 0.5754768 0.9794088 0.8923565 1.1403272 1.1122717 1.1215006 1.0950591 1.1480003 1.1706456 1.1198537 1.1196220 1.0744795 1.0924053 1.0905277 1.1989323 1.2004286 1.2459533 1.1928902 1.2422059 1.1250290 1.1703674 1.3387369 1.1928025 1.2692213 2.1475030 2.1456394 2.1502103 2.1462937 2.1802348 2.0611257 1.9096324 
PEDV                        0.1438354 0.0000000 0.1537129 0.1863229 0.2336134 0.2811413 0.2949564 0.3143274 0.3100140 0.2400486 0.2790643 0.3088777 0.2828228 0.3405272 0.3241243 0.2625608 0.3327108 0.3399276 0.4084889 0.3341889 0.4427182 0.4098945 0.4207092 0.6103452 1.0860380 0.8731291 1.2316790 1.1893780 1.1977593 1.1995226 1.2603844 1.3047000 1.2749142 1.2436899 1.1485915 1.1014082 1.1611757 1.3074684 1.2890869 1.3280775 1.2618933 1.3226291 1.1027399 1.1896152 1.3241531 1.1852006 1.2898059 2.1484274 2.1014555 2.1119674 2.1605410 2.1593417 2.0877896 1.8769328 
BtCoV/020_16/M.dau/FIN/2016 0.1481589 0.1537129 0.0000000 0.1668358 0.2414643 0.2967094 0.3049035 0.2915251 0.3116215 0.2670532 0.3112915 0.3358542 0.3256353 0.3256207 0.3746597 0.2997577 0.3442074 0.3419436 0.4276879 0.3020541 0.4765449 0.4422718 0.4131960 0.5958867 1.0462042 0.9015890 1.1966196 1.2045536 1.1931045 1.2018334 1.2262430 1.2754543 1.2630518 1.2354737 1.1757461 1.1765097 1.1627055 1.3072057 1.2711789 1.3249088 1.2789358 1.3177332 1.1073141 1.1503540 1.2927964 1.1592494 1.3449715 2.2215957 2.1931884 2.2296099 2.2118673 2.2350849 2.1317160 1.9463238 
Sc-BatCoV_512               0.1731178 0.1863229 0.1668358 0.0000000 0.2634223 0.2867032 0.3086745 0.2941455 0.3116660 0.2830757 0.2963599 0.3615552 0.3402752 0.3486884 0.3698195 0.3101618 0.3246902 0.3484021 0.3867052 0.3495329 0.4557104 0.4206353 0.4464583 0.6303849 1.0673543 0.9734567 1.2152967 1.1840837 1.2088573 1.2010319 1.2581479 1.3118826 1.2751016 1.2567068 1.1259848 1.0877386 1.0998228 1.3064545 1.3167021 1.3454796 1.2271886 1.2687550 1.0956296 1.1481778 1.3053895 1.1533451 1.2484835 2.1259374 2.1461083 2.1059302 2.1394496 2.1682781 2.0118492 1.8912765 
BtCoV_CDPHE15               0.2311049 0.2336134 0.2414643 0.2634223 0.0000000 0.2902120 0.3095799 0.2997932 0.3045132 0.2629929 0.3146573 0.3416287 0.3304875 0.3359122 0.3437727 0.2987251 0.3430072 0.3402479 0.4120049 0.3043523 0.4878091 0.4415501 0.4257011 0.5750683 1.0262348 0.8861979 1.1026910 1.1475405 1.1301596 1.1344448 1.1839232 1.2490890 1.1914149 1.1542853 1.1410191 1.1242656 1.1570767 1.2815385 1.2366843 1.2277640 1.2566412 1.2875723 1.0929898 1.1914711 1.3584132 1.2086153 1.2019383 1.9887198 2.0413584 2.0312173 2.0585173 2.0566423 1.9449058 1.8494082 
ACoV-WA2028                 0.2810318 0.2811413 0.2967094 0.2867032 0.2902120 0.0000000 0.1463706 0.1579866 0.1960698 0.2679198 0.2934261 0.3079490 0.2817837 0.3032781 0.2979674 0.2969977 0.3214516 0.3194226 0.4400416 0.3315771 0.4862155 0.4396929 0.4095375 0.5722864 0.9483729 0.8641228 1.1561658 1.2026359 1.1925433 1.1813988 1.2102247 1.2345696 1.2286821 1.2030483 1.0935910 1.1085589 1.1193963 1.2117919 1.1969084 1.2074667 1.2061420 1.2546166 1.1731725 1.2282447 1.3878403 1.2298548 1.1597495 2.0236958 1.9344264 1.9618429 2.0074084 1.9519875 1.9800907 1.7992265 
TyBCoV-HKU33                0.2957266 0.2949564 0.3049035 0.3086745 0.3095799 0.1463706 0.0000000 0.1922690 0.2090233 0.2615743 0.2834649 0.2987755 0.2822616 0.3218349 0.2989158 0.3160292 0.3416326 0.3405575 0.4571584 0.3584976 0.4840225 0.4549468 0.4461044 0.6158057 0.9947286 0.8752033 1.1900601 1.1942697 1.2061420 1.2076322 1.2332843 1.2588324 1.2440543 1.2096963 1.1109402 1.0998943 1.1212406 1.2824114 1.2220874 1.2389859 1.2404607 1.2878947 1.1233028 1.1965574 1.3322398 1.1960573 1.2467014 2.0360021 2.0164098 2.0336977 2.0716208 2.0422580 2.0557484 1.9364627 
BtNv-AlphaCoV               0.3052439 0.3143274 0.2915251 0.2941455 0.2997932 0.1579866 0.1922690 0.0000000 0.1261553 0.2442327 0.2807445 0.2983164 0.2818247 0.2903667 0.2808665 0.2898389 0.2930608 0.3058661 0.3845525 0.3107859 0.4538576 0.4152814 0.3907518 0.5625897 0.9529171 0.8530494 1.1829012 1.1650165 1.1387237 1.1447826 1.1863943 1.1999040 1.1940076 1.1598885 1.0691899 1.0771403 1.0745413 1.2122861 1.2259924 1.2118235 1.2644715 1.2658281 1.0946240 1.1908940 1.3638059 1.2142868 1.2184681 2.0598964 2.0265490 2.0530552 2.1102704 2.0783067 2.0550200 1.9108174 
PK-BatCoV                   0.3005308 0.3100140 0.3116215 0.3116660 0.3045132 0.1960698 0.2090233 0.1261553 0.0000000 0.2484215 0.2856192 0.2833293 0.2936909 0.3027081 0.2886048 0.2856970 0.2975343 0.3359087 0.3914495 0.3380435 0.4435178 0.4066699 0.4100008 0.5674889 1.0026167 0.8569761 1.2039328 1.1825011 1.1651030 1.1663616 1.2160748 1.1982713 1.2195641 1.1781605 1.0639287 1.0662727 1.0664541 1.2164407 1.2190439 1.2376001 1.2390907 1.2559352 1.1052062 1.2267812 1.3716002 1.2125061 1.2473728 2.1800607 2.1383200 2.1831522 2.2102864 2.1800392 2.2140849 1.9173424 
ACoV-WA3607                 0.2588413 0.2400486 0.2670532 0.2830757 0.2629929 0.2679198 0.2615743 0.2442327 0.2484215 0.0000000 0.2418336 0.2365291 0.2402578 0.2734514 0.2891217 0.2600762 0.2691737 0.2666671 0.3545031 0.3013072 0.4705972 0.4447134 0.3788836 0.5591675 1.0467795 0.8884403 1.1574166 1.2030898 1.1931937 1.2018004 1.3252583 1.3352109 1.3116012 1.2630098 1.1039472 1.0773968 1.1225356 1.1950124 1.2123533 1.2785911 1.2269163 1.2596966 1.0945490 1.1214112 1.3157143 1.1623714 1.2736509 2.1809652 2.1869456 2.1979554 2.2540634 2.2249928 2.1330566 1.9618465 
BtRf-AlphaCoV               0.2816153 0.2790643 0.3112915 0.2963599 0.3146573 0.2934261 0.2834649 0.2807445 0.2856192 0.2418336 0.0000000 0.1681139 0.1396464 0.3536293 0.3234365 0.3107025 0.3259349 0.2875494 0.3472794 0.3407889 0.5002960 0.4407462 0.4370033 0.5859034 0.9191286 0.9269606 1.2041840 1.1225267 1.1052139 1.1317838 1.2120660 1.2176491 1.1855362 1.1724364 1.0855590 1.0748948 1.0604743 1.2292189 1.2209278 1.2483786 1.1558859 1.2274908 1.0794568 1.1960579 1.3542817 1.2046137 1.3412092 2.1429958 2.0582650 2.0477201 2.0843622 2.1126049 2.1713548 1.9213540 
HipPBCoV-CHB25              0.3107847 0.3088777 0.3358542 0.3615552 0.3416287 0.3079490 0.2987755 0.2983164 0.2833293 0.2365291 0.1681139 0.0000000 0.1079604 0.3714429 0.3207811 0.3250211 0.3225367 0.2978269 0.3669871 0.3880754 0.4991832 0.4779207 0.4614915 0.6214209 0.9625619 0.9958105 1.2029457 1.1908744 1.1610426 1.1814398 1.3236921 1.3324952 1.3077257 1.2611613 1.1440558 1.1400271 1.1400949 1.2613077 1.2333173 1.2603296 1.2004332 1.2340958 1.1512850 1.2308852 1.3944460 1.2607530 1.3172272 2.2271920 2.0978069 2.1160998 2.1479801 2.1614057 2.2679371 2.0484936 
BtCoV_HKU10                 0.2919165 0.2828228 0.3256353 0.3402752 0.3304875 0.2817837 0.2822616 0.2818247 0.2936909 0.2402578 0.1396464 0.1079604 0.0000000 0.3427812 0.3043381 0.3188077 0.3631442 0.3052406 0.3725959 0.3663722 0.5097859 0.4648329 0.4325119 0.6235015 1.0216654 0.9469877 1.2427301 1.2041185 1.1650423 1.1883140 1.2665674 1.2831418 1.2632628 1.2288407 1.1423524 1.1399396 1.1315862 1.2353446 1.2010901 1.2292313 1.1754124 1.2262719 1.1175420 1.1659374 1.3259826 1.1690866 1.2544965 2.1162454 2.0013463 2.0208633 2.0926860 2.0839983 2.2134510 1.9965735 
Rh-BatCoV_HKU2              0.3235537 0.3405272 0.3256207 0.3486884 0.3359122 0.3032781 0.3218349 0.2903667 0.3027081 0.2734514 0.3536293 0.3714429 0.3427812 0.0000000 0.3325006 0.2945948 0.3265857 0.3012166 0.4016395 0.2910054 0.3890625 0.3396166 0.4181956 0.5338352 0.9240134 0.8611794 1.1686971 1.1677680 1.1496080 1.1535485 1.1130433 1.1551014 1.1413829 1.1545801 1.0650062 1.0761195 1.0849227 1.3298836 1.2785717 1.2972556 1.2499070 1.2867567 1.1665889 1.2095280 1.3986376 1.2362700 1.3060714 2.1131628 2.0509553 2.0504593 2.0832606 2.0844576 2.0306664 1.9648934 
Mi-BatCoV_1A                0.3269033 0.3241243 0.3746597 0.3698195 0.3437727 0.2979674 0.2989158 0.2808665 0.2886048 0.2891217 0.3234365 0.3207811 0.3043381 0.3325006 0.0000000 0.1590236 0.3323629 0.3195766 0.4040913 0.3338360 0.4343830 0.4572500 0.4214475 0.6350486 0.9867720 0.9439926 1.1944183 1.1561827 1.1556686 1.1484777 1.3026216 1.3181301 1.3211532 1.2472896 1.0592582 1.0775475 1.0621185 1.3086490 1.2705511 1.3157699 1.3131516 1.2861858 1.1434786 1.2111211 1.3791315 1.2230821 1.3129063 2.1811335 2.1424652 2.1320851 2.1833338 2.1786130 2.2238381 2.0963490 
Mi-BatCoV_HKU8              0.2920572 0.2625608 0.2997577 0.3101618 0.2987251 0.2969977 0.3160292 0.2898389 0.2856970 0.2600762 0.3107025 0.3250211 0.3188077 0.2945948 0.1590236 0.0000000 0.3283962 0.3239743 0.3917034 0.3472875 0.4523789 0.4553255 0.3915231 0.6128887 0.9847760 0.9398564 1.1286135 1.1304309 1.1469990 1.1385046 1.3260761 1.3423303 1.3423199 1.2722731 1.0583661 1.0688637 1.0715796 1.2973998 1.2876531 1.3063629 1.2786890 1.3000743 1.1473919 1.1977771 1.3880035 1.2212418 1.2594891 2.1365178 2.1069496 2.0932358 2.1255829 2.1100056 2.1720553 2.0765887 
BtKYNL63_APD51481.1         0.2945696 0.3327108 0.3442074 0.3246902 0.3430072 0.3214516 0.3416326 0.2930608 0.2975343 0.2691737 0.3259349 0.3225367 0.3631442 0.3265857 0.3323629 0.3283962 0.0000000 0.2112748 0.2193455 0.3117561 0.4738556 0.4658461 0.4427242 0.5490224 0.8648822 0.9254705 1.1549659 1.1725180 1.1506968 1.1259750 1.1334772 1.1835867 1.1777154 1.1387095 1.0464134 1.0575512 1.0817913 1.1892946 1.1946637 1.1868440 1.1851575 1.1953937 1.0600055 1.1861361 1.3353241 1.1851554 1.1940015 2.1515857 2.1017142 2.1572687 2.1591184 2.1436638 2.2183074 2.0446714 
HCoV_229E                   0.2785893 0.3399276 0.3419436 0.3484021 0.3402479 0.3194226 0.3405575 0.3058661 0.3359087 0.2666671 0.2875494 0.2978269 0.3052406 0.3012166 0.3195766 0.3239743 0.2112748 0.0000000 0.2698967 0.3481240 0.4513239 0.4268636 0.4044674 0.5720003 0.8863284 0.9378589 1.1805468 1.1900036 1.1586445 1.1465712 1.2720158 1.2835575 1.2651719 1.2001297 1.0411261 1.0796860 1.0993099 1.2336121 1.2125574 1.2629353 1.2110805 1.1901680 1.0808151 1.2282994 1.3945605 1.2446174 1.2892489 2.1823817 2.0788812 2.0918216 2.0746527 2.0712249 2.0362109 1.9600381 
HCoV_NL63                   0.3569766 0.4084889 0.4276879 0.3867052 0.4120049 0.4400416 0.4571584 0.3845525 0.3914495 0.3545031 0.3472794 0.3669871 0.3725959 0.4016395 0.4040913 0.3917034 0.2193455 0.2698967 0.0000000 0.3989557 0.5307070 0.5036527 0.4710386 0.6159738 0.9265605 1.0059628 1.2104871 1.1695016 1.1679273 1.1274606 1.2265904 1.2752397 1.2419141 1.1901297 1.1883942 1.1963997 1.1822198 1.2700475 1.2804055 1.2630216 1.2578570 1.2297228 1.1329788 1.2394099 1.3873624 1.2456517 1.2543602 2.1857064 2.1414079 2.1582727 2.1700728 2.1556305 2.3348468 2.2018123 
BtMr-AlphaCoV               0.3070774 0.3341889 0.3020541 0.3495329 0.3043523 0.3315771 0.3584976 0.3107859 0.3380435 0.3013072 0.3407889 0.3880754 0.3663722 0.2910054 0.3338360 0.3472875 0.3117561 0.3481240 0.3989557 0.0000000 0.4411306 0.4104114 0.4162043 0.6013371 0.9450913 0.9046600 1.1314843 1.2379833 1.1741629 1.2115456 1.1533809 1.1899511 1.1684641 1.1958165 1.1174800 1.1219101 1.1649054 1.2922620 1.2780343 1.2846620 1.2649364 1.3400802 1.1265709 1.2242979 1.3542097 1.2237182 1.2491130 2.0914046 2.0628027 2.0473412 2.0889690 2.0934117 2.1482689 2.0529295 
MCoV                        0.4456672 0.4427182 0.4765449 0.4557104 0.4878091 0.4862155 0.4840225 0.4538576 0.4435178 0.4705972 0.5002960 0.4991832 0.5097859 0.3890625 0.4343830 0.4523789 0.4738556 0.4513239 0.5307070 0.4411306 0.0000000 0.1863702 0.5342540 0.6653397 0.9875732 0.9490795 1.2363173 1.2516176 1.2294831 1.2324681 1.2497749 1.2622236 1.2552445 1.2093660 1.0507345 1.0373635 1.0278008 1.3749687 1.3278460 1.3191974 1.3329799 1.3580164 1.1886219 1.3089969 1.5180609 1.3492958 1.2946928 2.4228518 2.3892188 2.3327244 2.4000597 2.3734961 2.2950637 2.1256946 
TGEV                        0.4031387 0.4098945 0.4422718 0.4206353 0.4415501 0.4396929 0.4549468 0.4152814 0.4066699 0.4447134 0.4407462 0.4779207 0.4648329 0.3396166 0.4572500 0.4553255 0.4658461 0.4268636 0.5036527 0.4104114 0.1863702 0.0000000 0.5151659 0.6283879 1.0494152 0.9495290 1.1981310 1.1933610 1.1707355 1.1904407 1.1315146 1.1193929 1.1438144 1.0812803 1.0780088 1.0285145 1.0510903 1.3387335 1.2958447 1.2989719 1.2967139 1.2643075 1.2101747 1.3138163 1.4610138 1.3032132 1.2660809 2.3105206 2.2390398 2.2445096 2.2680870 2.2208804 2.1379953 1.9876024 
BtCoV-AMA-L-F               0.3819811 0.4207092 0.4131960 0.4464583 0.4257011 0.4095375 0.4461044 0.3907518 0.4100008 0.3788836 0.4370033 0.4614915 0.4325119 0.4181956 0.4214475 0.3915231 0.4427242 0.4044674 0.4710386 0.4162043 0.5342540 0.5151659 0.0000000 0.6533386 0.8792866 0.8869643 1.1685976 1.2425046 1.1818076 1.2140702 1.2438342 1.2653131 1.2137132 1.1560321 1.0364176 1.0433828 1.0308379 1.2524008 1.2659044 1.3159970 1.2025124 1.3015551 1.1172795 1.1869824 1.3801183 1.2446650 1.3171734 2.1770858 2.2137351 2.2773829 2.1616155 2.1809380 2.2156632 2.0599132 
LRNV                        0.5754768 0.6103452 0.5958867 0.6303849 0.5750683 0.5722864 0.6158057 0.5625897 0.5674889 0.5591675 0.5859034 0.6214209 0.6235015 0.5338352 0.6350486 0.6128887 0.5490224 0.5720003 0.6159738 0.6013371 0.6653397 0.6283879 0.6533386 0.0000000 0.8826724 1.0198425 1.3841379 1.3190943 1.3784952 1.3593956 1.3437293 1.3284620 1.3240608 1.2521054 1.1869126 1.2901612 1.2412497 1.5415719 1.4674177 1.4301137 1.4496756 1.4562867 1.2715959 1.3080939 1.5158561 1.3529430 1.3555827 2.5286756 2.4793720 2.4762971 2.4769371 2.4295227 2.2737674 2.1425279 
Sm-CoV_X74                  0.9794088 1.0860380 1.0462042 1.0673543 1.0262348 0.9483729 0.9947286 0.9529171 1.0026167 1.0467795 0.9191286 0.9625619 1.0216654 0.9240134 0.9867720 0.9847760 0.8648822 0.8863284 0.9265605 0.9450913 0.9875732 1.0494152 0.8792866 0.8826724 0.0000000 1.2695819 1.5290467 1.5251157 1.5460696 1.5034158 1.5733884 1.5907247 1.5830709 1.6194508 1.3169877 1.4376919 1.3914473 1.6831662 1.6327918 1.6175867 1.5949527 1.6081206 1.4863096 1.4823098 1.6915747 1.5858442 1.6235567 2.5366028 2.4460662 2.4760547 2.4384514 2.3929715 2.6099106 2.4570108 
Sa-CoV_T14                  0.8923565 0.8731291 0.9015890 0.9734567 0.8861979 0.8641228 0.8752033 0.8530494 0.8569761 0.8884403 0.9269606 0.9958105 0.9469877 0.8611794 0.9439926 0.9398564 0.9254705 0.9378589 1.0059628 0.9046600 0.9490795 0.9495290 0.8869643 1.0198425 1.2695819 0.0000000 1.2520284 1.3261433 1.3246767 1.3554170 1.3652033 1.3749436 1.3723945 1.3861437 1.1883168 1.2114832 1.1957918 1.3531383 1.3298049 1.3520632 1.3277706 1.4196352 1.1313540 1.2184703 1.5130312 1.2800885 1.3552518 2.4510342 2.3117454 2.3477156 2.4008267 2.3145948 2.1883416 2.0747580 
Bat_Hp-BetaCoV              1.1403272 1.2316790 1.1966196 1.2152967 1.1026910 1.1561658 1.1900601 1.1829012 1.2039328 1.1574166 1.2041840 1.2029457 1.2427301 1.1686971 1.1944183 1.1286135 1.1549659 1.1805468 1.2104871 1.1314843 1.2363173 1.1981310 1.1685976 1.3841379 1.5290467 1.2520284 0.0000000 0.4598904 0.4424701 0.4598521 0.7521132 0.7209226 0.7152774 0.7167943 0.7184946 0.6929512 0.7145786 0.7994984 0.7996922 0.7784135 0.8003959 0.8431702 1.1251583 1.1434647 1.2544590 1.1551161 1.1713704 2.1125215 2.1342732 2.1011344 2.1575983 2.1383088 2.0088483 1.9569166 
SARSr-CoV                   1.1122717 1.1893780 1.2045536 1.1840837 1.1475405 1.2026359 1.1942697 1.1650165 1.1825011 1.2030898 1.1225267 1.1908744 1.2041185 1.1677680 1.1561827 1.1304309 1.1725180 1.1900036 1.1695016 1.2379833 1.2516176 1.1933610 1.2425046 1.3190943 1.5251157 1.3261433 0.4598904 0.0000000 0.0670695 0.0806571 0.7483349 0.7196603 0.7204935 0.6960376 0.7841763 0.7741775 0.8112697 0.8106472 0.8078503 0.8507387 0.8377448 0.8635070 1.0903159 1.1460538 1.2635274 1.1284481 1.2118658 2.1055541 2.0196100 2.0804970 2.0057452 1.9695230 1.9835843 1.9819494 
SARS-CoV                    1.1215006 1.1977593 1.1931045 1.2088573 1.1301596 1.1925433 1.2061420 1.1387237 1.1651030 1.1931937 1.1052139 1.1610426 1.1650423 1.1496080 1.1556686 1.1469990 1.1506968 1.1586445 1.1679273 1.1741629 1.2294831 1.1707355 1.1818076 1.3784952 1.5460696 1.3246767 0.4424701 0.0670695 0.0000000 0.0536693 0.7221814 0.7067310 0.7081050 0.6810454 0.7630785 0.7578661 0.7791834 0.8087947 0.8037090 0.8474157 0.8227786 0.8591032 1.1060383 1.1572501 1.2905095 1.1541978 1.2099747 2.1183405 2.0310501 2.0963173 2.0247627 2.0101724 2.0382675 2.0487646 
SARS-CoV-2                  1.0950591 1.1995226 1.2018334 1.2010319 1.1344448 1.1813988 1.2076322 1.1447826 1.1663616 1.2018004 1.1317838 1.1814398 1.1883140 1.1535485 1.1484777 1.1385046 1.1259750 1.1465712 1.1274606 1.2115456 1.2324681 1.1904407 1.2140702 1.3593956 1.5034158 1.3554170 0.4598521 0.0806571 0.0536693 0.0000000 0.7223488 0.7085891 0.7229804 0.6972515 0.7532254 0.7556016 0.7939253 0.7956669 0.7953191 0.8366555 0.8295533 0.8275847 1.0690572 1.1210088 1.2686544 1.1345292 1.2307054 2.1346336 2.0431987 2.1195546 2.0389563 2.0153441 2.0047501 2.0444164 
EriCoV                      1.1480003 1.2603844 1.2262430 1.2581479 1.1839232 1.2102247 1.2332843 1.1863943 1.2160748 1.3252583 1.2120660 1.3236921 1.2665674 1.1130433 1.3026216 1.3260761 1.1334772 1.2720158 1.2265904 1.1533809 1.2497749 1.1315146 1.2438342 1.3437293 1.5733884 1.3652033 0.7521132 0.7483349 0.7221814 0.7223488 0.0000000 0.1205619 0.1412044 0.2060938 0.8291826 0.8186437 0.8327335 0.8822721 0.9046301 0.8974627 0.9390271 0.9633997 1.3420017 1.2990173 1.4183851 1.2647550 1.2695603 2.0353182 1.9388673 1.9580466 1.9844352 1.9306385 1.9915100 1.9316780 
MERS-CoV                    1.1706456 1.3047000 1.2754543 1.3118826 1.2490890 1.2345696 1.2588324 1.1999040 1.1982713 1.3352109 1.2176491 1.3324952 1.2831418 1.1551014 1.3181301 1.3423303 1.1835867 1.2835575 1.2752397 1.1899511 1.2622236 1.1193929 1.2653131 1.3284620 1.5907247 1.3749436 0.7209226 0.7196603 0.7067310 0.7085891 0.1205619 0.0000000 0.0872210 0.1651211 0.7691895 0.8029025 0.8032731 0.8625987 0.9031462 0.8881564 0.9159684 0.9509928 1.3277016 1.3111512 1.4645049 1.3025426 1.2697873 2.0852638 1.9977926 1.9881289 2.0004565 1.9619740 1.9820493 1.9570732 
Pi-BatCoV_HKU5              1.1198537 1.2749142 1.2630518 1.2751016 1.1914149 1.2286821 1.2440543 1.1940076 1.2195641 1.3116012 1.1855362 1.3077257 1.2632628 1.1413829 1.3211532 1.3423199 1.1777154 1.2651719 1.2419141 1.1684641 1.2552445 1.1438144 1.2137132 1.3240608 1.5830709 1.3723945 0.7152774 0.7204935 0.7081050 0.7229804 0.1412044 0.0872210 0.0000000 0.1445941 0.7459206 0.7954532 0.7781546 0.8464740 0.8905465 0.8639516 0.8989970 0.9249134 1.3003267 1.3042149 1.4254568 1.2779106 1.2996486 2.0652727 2.0252772 1.9915838 2.0068088 1.9821896 1.9458090 1.9691550 
Ty-BatCoV-HKU4              1.1196220 1.2436899 1.2354737 1.2567068 1.1542853 1.2030483 1.2096963 1.1598885 1.1781605 1.2630098 1.1724364 1.2611613 1.2288407 1.1545801 1.2472896 1.2722731 1.1387095 1.2001297 1.1901297 1.1958165 1.2093660 1.0812803 1.1560321 1.2521054 1.6194508 1.3861437 0.7167943 0.6960376 0.6810454 0.6972515 0.2060938 0.1651211 0.1445941 0.0000000 0.7830862 0.8329775 0.7587887 0.8231434 0.8520568 0.8316443 0.8763496 0.8684912 1.2876054 1.2709495 1.3554193 1.2405411 1.2267324 2.0285692 2.0506478 2.0315897 2.0349813 1.9633067 1.9367708 1.9497843 
Ei-BatCoV_C704              1.0744795 1.1485915 1.1757461 1.1259848 1.1410191 1.0935910 1.1109402 1.0691899 1.0639287 1.1039472 1.0855590 1.1440558 1.1423524 1.0650062 1.0592582 1.0583661 1.0464134 1.0411261 1.1883942 1.1174800 1.0507345 1.0780088 1.0364176 1.1869126 1.3169877 1.1883168 0.7184946 0.7841763 0.7630785 0.7532254 0.8291826 0.7691895 0.7459206 0.7830862 0.0000000 0.2728181 0.2135011 0.7978279 0.8125772 0.8207670 0.8600454 0.8007385 1.0815195 0.9793858 1.1832091 1.0450230 1.2981752 2.0318002 1.9573567 1.9407524 2.0072370 1.9627447 1.9399286 1.9417800 
Ro-BatCoV_GCCDC1            1.0924053 1.1014082 1.1765097 1.0877386 1.1242656 1.1085589 1.0998943 1.0771403 1.0662727 1.0773968 1.0748948 1.1400271 1.1399396 1.0761195 1.0775475 1.0688637 1.0575512 1.0796860 1.1963997 1.1219101 1.0373635 1.0285145 1.0433828 1.2901612 1.4376919 1.2114832 0.6929512 0.7741775 0.7578661 0.7556016 0.8186437 0.8029025 0.7954532 0.8329775 0.2728181 0.0000000 0.2038121 0.8471599 0.8984415 0.9129653 0.9279012 0.8665412 1.0657984 1.0260387 1.2201262 1.0489930 1.2044223 2.0177244 1.9407024 1.9171438 1.9736450 1.9382159 1.9870760 1.9549765 
Ro-BatCoV_HKU9              1.0905277 1.1611757 1.1627055 1.0998228 1.1570767 1.1193963 1.1212406 1.0745413 1.0664541 1.1225356 1.0604743 1.1400949 1.1315862 1.0849227 1.0621185 1.0715796 1.0817913 1.0993099 1.1822198 1.1649054 1.0278008 1.0510903 1.0308379 1.2412497 1.3914473 1.1957918 0.7145786 0.8112697 0.7791834 0.7939253 0.8327335 0.8032731 0.7781546 0.7587887 0.2135011 0.2038121 0.0000000 0.8056498 0.8494993 0.8392779 0.8508214 0.7794852 1.0713341 1.0370523 1.2175137 1.0874381 1.2003117 1.9874604 1.9938607 1.9820152 2.0586637 1.9871937 1.9594450 2.0278367 
ChRCoV_HKU24                1.1989323 1.3074684 1.3072057 1.3064545 1.2815385 1.2117919 1.2824114 1.2122861 1.2164407 1.1950124 1.2292189 1.2613077 1.2353446 1.3298836 1.3086490 1.2973998 1.1892946 1.2336121 1.2700475 1.2922620 1.3749687 1.3387335 1.2524008 1.5415719 1.6831662 1.3531383 0.7994984 0.8106472 0.8087947 0.7956669 0.8822721 0.8625987 0.8464740 0.8231434 0.7978279 0.8471599 0.8056498 0.0000000 0.1505841 0.1682058 0.1841911 0.2423295 1.0912696 1.1038555 1.1979729 1.0393567 1.1654555 2.0788900 2.1970433 2.1579344 2.1749722 2.1801322 2.1074303 2.0462081 
HCoV_OC43                   1.2004286 1.2890869 1.2711789 1.3167021 1.2366843 1.1969084 1.2220874 1.2259924 1.2190439 1.2123533 1.2209278 1.2333173 1.2010901 1.2785717 1.2705511 1.2876531 1.1946637 1.2125574 1.2804055 1.2780343 1.3278460 1.2958447 1.2659044 1.4674177 1.6327918 1.3298049 0.7996922 0.8078503 0.8037090 0.7953191 0.9046301 0.9031462 0.8905465 0.8520568 0.8125772 0.8984415 0.8494993 0.1505841 0.0000000 0.1434206 0.1678334 0.2349996 1.1266423 1.1395265 1.2182432 1.0874417 1.1501619 2.1037441 2.1507538 2.0954277 2.1168942 2.1163906 2.0927779 2.1106934 
MrufCoV_2JL14               1.2459533 1.3280775 1.3249088 1.3454796 1.2277640 1.2074667 1.2389859 1.2118235 1.2376001 1.2785911 1.2483786 1.2603296 1.2292313 1.2972556 1.3157699 1.3063629 1.1868440 1.2629353 1.2630216 1.2846620 1.3191974 1.2989719 1.3159970 1.4301137 1.6175867 1.3520632 0.7784135 0.8507387 0.8474157 0.8366555 0.8974627 0.8881564 0.8639516 0.8316443 0.8207670 0.9129653 0.8392779 0.1682058 0.1434206 0.0000000 0.2007378 0.2646191 1.1080246 1.1132077 1.2167815 1.0795598 1.0467311 2.1040232 2.1918843 2.1542590 2.1617623 2.1554415 2.1284255 2.1122676 
MHV                         1.1928902 1.2618933 1.2789358 1.2271886 1.2566412 1.2061420 1.2404607 1.2644715 1.2390907 1.2269163 1.1558859 1.2004332 1.1754124 1.2499070 1.3131516 1.2786890 1.1851575 1.2110805 1.2578570 1.2649364 1.3329799 1.2967139 1.2025124 1.4496756 1.5949527 1.3277706 0.8003959 0.8377448 0.8227786 0.8295533 0.9390271 0.9159684 0.8989970 0.8763496 0.8600454 0.9279012 0.8508214 0.1841911 0.1678334 0.2007378 0.0000000 0.1884394 1.1905325 1.1277935 1.2238340 1.0703748 1.1313421 1.9741928 2.0101716 2.0057948 2.0259055 2.0178349 2.0832698 2.0447535 
HCoV_HKU1                   1.2422059 1.3226291 1.3177332 1.2687550 1.2875723 1.2546166 1.2878947 1.2658281 1.2559352 1.2596966 1.2274908 1.2340958 1.2262719 1.2867567 1.2861858 1.3000743 1.1953937 1.1901680 1.2297228 1.3400802 1.3580164 1.2643075 1.3015551 1.4562867 1.6081206 1.4196352 0.8431702 0.8635070 0.8591032 0.8275847 0.9633997 0.9509928 0.9249134 0.8684912 0.8007385 0.8665412 0.7794852 0.2423295 0.2349996 0.2646191 0.1884394 0.0000000 1.1272007 1.1579629 1.2315299 1.0906485 1.1655959 2.0103692 2.1285837 2.1121220 2.1230755 2.1180569 2.0763904 2.1112173 
BcanCoV_CB17                1.1250290 1.1027399 1.1073141 1.0956296 1.0929898 1.1731725 1.1233028 1.0946240 1.1052062 1.0945490 1.0794568 1.1512850 1.1175420 1.1665889 1.1434786 1.1473919 1.0600055 1.0808151 1.1329788 1.1265709 1.1886219 1.2101747 1.1172795 1.2715959 1.4863096 1.1313540 1.1251583 1.0903159 1.1060383 1.0690572 1.3420017 1.3277016 1.3003267 1.2876054 1.0815195 1.0657984 1.0713341 1.0912696 1.1266423 1.1080246 1.1905325 1.1272007 0.0000000 0.2628841 0.3777320 0.2861253 0.7959956 1.6796210 1.6277716 1.6575871 1.6536093 1.6479017 1.6298547 1.5611997 
DuCoV_2714                  1.1703674 1.1896152 1.1503540 1.1481778 1.1914711 1.2282447 1.1965574 1.1908940 1.2267812 1.1214112 1.1960579 1.2308852 1.1659374 1.2095280 1.2111211 1.1977771 1.1861361 1.2282994 1.2394099 1.2242979 1.3089969 1.3138163 1.1869824 1.3080939 1.4823098 1.2184703 1.1434647 1.1460538 1.1572501 1.1210088 1.2990173 1.3111512 1.3042149 1.2709495 0.9793858 1.0260387 1.0370523 1.1038555 1.1395265 1.1132077 1.1277935 1.1579629 0.2628841 0.0000000 0.1865894 0.1000010 0.8240032 1.6490104 1.6425712 1.6514178 1.5967226 1.6184931 1.5634366 1.5640287 
ACoV_9203                   1.3387369 1.3241531 1.2927964 1.3053895 1.3584132 1.3878403 1.3322398 1.3638059 1.3716002 1.3157143 1.3542817 1.3944460 1.3259826 1.3986376 1.3791315 1.3880035 1.3353241 1.3945605 1.3873624 1.3542097 1.5180609 1.4610138 1.3801183 1.5158561 1.6915747 1.5130312 1.2544590 1.2635274 1.2905095 1.2686544 1.4183851 1.4645049 1.4254568 1.3554193 1.1832091 1.2201262 1.2175137 1.1979729 1.2182432 1.2167815 1.2238340 1.2315299 0.3777320 0.1865894 0.0000000 0.0901789 0.9715607 1.8974070 1.9351266 1.9775593 1.9189484 1.8874294 1.8399209 1.8441233 
IBV                         1.1928025 1.1852006 1.1592494 1.1533451 1.2086153 1.2298548 1.1960573 1.2142868 1.2125061 1.1623714 1.2046137 1.2607530 1.1690866 1.2362700 1.2230821 1.2212418 1.1851554 1.2446174 1.2456517 1.2237182 1.3492958 1.3032132 1.2446650 1.3529430 1.5858442 1.2800885 1.1551161 1.1284481 1.1541978 1.1345292 1.2647550 1.3025426 1.2779106 1.2405411 1.0450230 1.0489930 1.0874381 1.0393567 1.0874417 1.0795598 1.0703748 1.0906485 0.2861253 0.1000010 0.0901789 0.0000000 0.8236601 1.6220206 1.6415261 1.6408723 1.6215594 1.6045071 1.5746713 1.5898431 
BWCoV                       1.2692213 1.2898059 1.3449715 1.2484835 1.2019383 1.1597495 1.2467014 1.2184681 1.2473728 1.2736509 1.3412092 1.3172272 1.2544965 1.3060714 1.3129063 1.2594891 1.1940015 1.2892489 1.2543602 1.2491130 1.2946928 1.2660809 1.3171734 1.3555827 1.6235567 1.3552518 1.1713704 1.2118658 1.2099747 1.2307054 1.2695603 1.2697873 1.2996486 1.2267324 1.2981752 1.2044223 1.2003117 1.1654555 1.1501619 1.0467311 1.1313421 1.1655959 0.7959956 0.8240032 0.9715607 0.8236601 0.0000000 1.9859129 2.0410898 2.0871626 2.0414079 2.0149247 1.9075068 1.8184105 
CMCoV_HKU21                 2.1475030 2.1484274 2.2215957 2.1259374 1.9887198 2.0236958 2.0360021 2.0598964 2.1800607 2.1809652 2.1429958 2.2271920 2.1162454 2.1131628 2.1811335 2.1365178 2.1515857 2.1823817 2.1857064 2.0914046 2.4228518 2.3105206 2.1770858 2.5286756 2.5366028 2.4510342 2.1125215 2.1055541 2.1183405 2.1346336 2.0353182 2.0852638 2.0652727 2.0285692 2.0318002 2.0177244 1.9874604 2.0788900 2.1037441 2.1040232 1.9741928 2.0103692 1.6796210 1.6490104 1.8974070 1.6220206 1.9859129 0.0000000 0.2471179 0.2620836 0.2333114 0.2463887 0.6009359 0.7148379 
BulCV_HKU11                 2.1456394 2.1014555 2.1931884 2.1461083 2.0413584 1.9344264 2.0164098 2.0265490 2.1383200 2.1869456 2.0582650 2.0978069 2.0013463 2.0509553 2.1424652 2.1069496 2.1017142 2.0788812 2.1414079 2.0628027 2.3892188 2.2390398 2.2137351 2.4793720 2.4460662 2.3117454 2.1342732 2.0196100 2.0310501 2.0431987 1.9388673 1.9977926 2.0252772 2.0506478 1.9573567 1.9407024 1.9938607 2.1970433 2.1507538 2.1918843 2.0101716 2.1285837 1.6277716 1.6425712 1.9351266 1.6415261 2.0410898 0.2471179 0.0000000 0.0963392 0.1175185 0.1142913 0.6029713 0.7156344 
WECoV_HKU16                 2.1502103 2.1119674 2.2296099 2.1059302 2.0312173 1.9618429 2.0336977 2.0530552 2.1831522 2.1979554 2.0477201 2.1160998 2.0208633 2.0504593 2.1320851 2.0932358 2.1572687 2.0918216 2.1582727 2.0473412 2.3327244 2.2445096 2.2773829 2.4762971 2.4760547 2.3477156 2.1011344 2.0804970 2.0963173 2.1195546 1.9580466 1.9881289 1.9915838 2.0315897 1.9407524 1.9171438 1.9820152 2.1579344 2.0954277 2.1542590 2.0057948 2.1121220 1.6575871 1.6514178 1.9775593 1.6408723 2.0871626 0.2620836 0.0963392 0.0000000 0.1527370 0.1613942 0.5857987 0.7640458 
MunCV_HKU13                 2.1462937 2.1605410 2.2118673 2.1394496 2.0585173 2.0074084 2.0716208 2.1102704 2.2102864 2.2540634 2.0843622 2.1479801 2.0926860 2.0832606 2.1833338 2.1255829 2.1591184 2.0746527 2.1700728 2.0889690 2.4000597 2.2680870 2.1616155 2.4769371 2.4384514 2.4008267 2.1575983 2.0057452 2.0247627 2.0389563 1.9844352 2.0004565 2.0068088 2.0349813 2.0072370 1.9736450 2.0586637 2.1749722 2.1168942 2.1617623 2.0259055 2.1230755 1.6536093 1.5967226 1.9189484 1.6215594 2.0414079 0.2333114 0.1175185 0.1527370 0.0000000 0.1113396 0.6040828 0.7219225 
PoCoV_HKU15                 2.1802348 2.1593417 2.2350849 2.1682781 2.0566423 1.9519875 2.0422580 2.0783067 2.1800392 2.2249928 2.1126049 2.1614057 2.0839983 2.0844576 2.1786130 2.1100056 2.1436638 2.0712249 2.1556305 2.0934117 2.3734961 2.2208804 2.1809380 2.4295227 2.3929715 2.3145948 2.1383088 1.9695230 2.0101724 2.0153441 1.9306385 1.9619740 1.9821896 1.9633067 1.9627447 1.9382159 1.9871937 2.1801322 2.1163906 2.1554415 2.0178349 2.1180569 1.6479017 1.6184931 1.8874294 1.6045071 2.0149247 0.2463887 0.1142913 0.1613942 0.1113396 0.0000000 0.5854964 0.7409871 
NHCoV_HKU19                 2.0611257 2.0877896 2.1317160 2.0118492 1.9449058 1.9800907 2.0557484 2.0550200 2.2140849 2.1330566 2.1713548 2.2679371 2.2134510 2.0306664 2.2238381 2.1720553 2.2183074 2.0362109 2.3348468 2.1482689 2.2950637 2.1379953 2.2156632 2.2737674 2.6099106 2.1883416 2.0088483 1.9835843 2.0382675 2.0047501 1.9915100 1.9820493 1.9458090 1.9367708 1.9399286 1.9870760 1.9594450 2.1074303 2.0927779 2.1284255 2.0832698 2.0763904 1.6298547 1.5634366 1.8399209 1.5746713 1.9075068 0.6009359 0.6029713 0.5857987 0.6040828 0.5854964 0.0000000 0.6793985 
WiCoV_HKU20                 1.9096324 1.8769328 1.9463238 1.8912765 1.8494082 1.7992265 1.9364627 1.9108174 1.9173424 1.9618465 1.9213540 2.0484936 1.9965735 1.9648934 2.0963490 2.0765887 2.0446714 1.9600381 2.2018123 2.0529295 2.1256946 1.9876024 2.0599132 2.1425279 2.4570108 2.0747580 1.9569166 1.9819494 2.0487646 2.0444164 1.9316780 1.9570732 1.9691550 1.9497843 1.9417800 1.9549765 2.0278367 2.0462081 2.1106934 2.1122676 2.0447535 2.1112173 1.5611997 1.5640287 1.8441233 1.5898431 1.8184105 0.7148379 0.7156344 0.7640458 0.7219225 0.7409871 0.6793985 0.0000000 
