55
ACoV-WA1087                 0.0000000 0.0655706 0.0740244 0.0788092 0.1550278 0.1523318 0.1754137 0.1743418 0.1602508 0.1551635 0.1725124 0.2540362 0.2528728 0.1940223 0.2566097 0.2107455 0.1895113 0.1956034 0.2018609 0.1951169 0.3243336 0.3250241 0.2685960 0.3051148 0.4767876 0.5591179 0.7053437 0.6586717 0.6814655 0.6384441 0.6437402 0.6807827 0.6759066 0.6902198 0.6082892 0.6480098 0.7048072 0.6767869 0.6584937 0.6319417 0.7009765 0.6560174 0.6893449 0.7093130 0.6766545 0.9452094 0.6486058 1.6637771 1.7477127 1.7424646 1.7628683 1.8717497 1.8804293 1.8404819 2.4118988 
PEDV                        0.0655706 0.0000000 0.0839729 0.0742574 0.1299893 0.1213108 0.1478306 0.1641360 0.1455518 0.1310777 0.1423825 0.2193584 0.2225639 0.1680549 0.2110564 0.2026058 0.1730147 0.1928154 0.1914323 0.1946861 0.3097542 0.3263638 0.2352845 0.3180357 0.4670251 0.5553483 0.6905620 0.6276370 0.6552780 0.6175496 0.6616383 0.6847251 0.6796495 0.7110715 0.5919753 0.6507390 0.6912708 0.6896894 0.6564351 0.6389684 0.6611835 0.6480983 0.6420980 0.6678483 0.6527298 0.9313385 0.6625365 1.6416988 1.6848299 1.6919106 1.8075689 1.8721251 1.8771309 1.7995213 2.3904268 
BtCoV/020_16/M.dau/FIN/2016 0.0740244 0.0839729 0.0000000 0.0726354 0.1316040 0.1441372 0.1316793 0.1546703 0.1582351 0.1807916 0.2003455 0.2436403 0.2665927 0.2063910 0.2716248 0.2021612 0.1706343 0.1662813 0.1921418 0.2066179 0.3126207 0.3273897 0.2423858 0.3567442 0.4937407 0.6107581 0.6491952 0.5791870 0.6188931 0.5733710 0.5856304 0.6100125 0.5989189 0.6245407 0.6001161 0.6182375 0.6946913 0.6529547 0.6409307 0.6107789 0.6407412 0.6237592 0.6780839 0.7063628 0.6856392 1.0000345 0.6121981 1.7220333 1.7730530 1.7763301 1.8398080 1.8984153 1.9369450 1.8697887 2.3469442 
Sc-BatCoV_512               0.0788092 0.0742574 0.0726354 0.0000000 0.1393583 0.1277347 0.1458339 0.1502554 0.1422068 0.1457937 0.1759684 0.2175326 0.2188369 0.1761540 0.2344968 0.1975602 0.1777608 0.1604002 0.1978035 0.1763417 0.3074553 0.3232629 0.2356534 0.3212357 0.4970791 0.5315054 0.6520503 0.5910086 0.6482695 0.5907703 0.6152170 0.6639809 0.6493390 0.6459230 0.5812127 0.6233460 0.6979869 0.6778453 0.6587336 0.6336507 0.6407202 0.6307024 0.6943217 0.7223536 0.7130956 1.0406716 0.6200387 1.6888297 1.7487844 1.7476936 1.7804762 1.8438453 1.8979055 1.8322937 2.3741816 
BtCoV_CDPHE15               0.1550278 0.1299893 0.1316040 0.1393583 0.0000000 0.1343755 0.1664489 0.1567169 0.1710295 0.1977986 0.2207876 0.2005277 0.2086079 0.1718561 0.2160155 0.2225888 0.1722339 0.1889628 0.1772458 0.2153654 0.3502052 0.3556813 0.2877087 0.3606661 0.4853737 0.6112080 0.6559553 0.6087904 0.6356739 0.6010396 0.5914738 0.6278338 0.6281954 0.6551914 0.5591818 0.6154693 0.6260455 0.6373441 0.6627310 0.6277455 0.6007172 0.6013663 0.6371402 0.6598216 0.6549856 0.9490753 0.6738366 1.5697507 1.6355545 1.6537487 1.7140023 1.7712153 1.8919536 1.7919019 2.3224541 
ACoV-WA3607                 0.1523318 0.1213108 0.1441372 0.1277347 0.1343755 0.0000000 0.1183399 0.1180247 0.0891119 0.1317455 0.1495730 0.1837886 0.1995046 0.1525639 0.2273785 0.1692639 0.1608159 0.1469551 0.1421882 0.1807321 0.3114697 0.3213508 0.2506177 0.3194852 0.4505291 0.5573773 0.6479130 0.6026411 0.6074834 0.5710731 0.6064396 0.6481542 0.6523475 0.7130289 0.5663840 0.5996324 0.6172612 0.6436009 0.6450905 0.6375216 0.5935325 0.5740358 0.6252962 0.6577738 0.6712961 0.9821444 0.6335177 1.5841569 1.6473052 1.6294289 1.6980698 1.7709014 1.7700491 1.7468558 2.1782247 
Mi-BatCoV_1A                0.1754137 0.1478306 0.1316793 0.1458339 0.1664489 0.1183399 0.0000000 0.0968530 0.1432938 0.1332467 0.1738518 0.2167482 0.2379379 0.2136100 0.2706479 0.1981503 0.1974589 0.1655103 0.2035891 0.1857041 0.3203378 0.3603016 0.2645195 0.3177042 0.5067508 0.6075437 0.6884561 0.6187927 0.6543297 0.5952698 0.6441922 0.6445406 0.6284526 0.6737716 0.6141088 0.6102209 0.6734549 0.7182113 0.6832338 0.6775962 0.6898626 0.6791655 0.6355185 0.6970264 0.6744043 0.9857229 0.6546416 1.7009775 1.6893703 1.7231294 1.7632881 1.8356596 1.8578267 1.8384933 2.3584329 
Mi-BatCoV_HKU8              0.1743418 0.1641360 0.1546703 0.1502554 0.1567169 0.1180247 0.0968530 0.0000000 0.1446859 0.1639749 0.1797534 0.2179245 0.2172324 0.2011437 0.2752285 0.1688366 0.2012893 0.1839062 0.2014931 0.1779966 0.3261492 0.3045628 0.2902082 0.3454081 0.5114886 0.5994954 0.6368537 0.5898467 0.6330812 0.5982738 0.5857669 0.6114240 0.5913957 0.6215743 0.5937996 0.6065511 0.6338580 0.7172995 0.7027959 0.6512495 0.6750584 0.6790629 0.6113412 0.6718500 0.6472867 0.9406803 0.6382828 1.5553872 1.5530763 1.5885315 1.5983745 1.7111227 1.7071562 1.7102301 2.2817044 
BtRf-AlphaCoV               0.1602508 0.1455518 0.1582351 0.1422068 0.1710295 0.0891119 0.1432938 0.1446859 0.0000000 0.1118596 0.1483601 0.1869533 0.2097171 0.1520677 0.2238121 0.1399744 0.1764964 0.1695032 0.1892526 0.1879234 0.3283087 0.3259476 0.2770085 0.3128775 0.4768320 0.5670101 0.6705793 0.6072269 0.6460683 0.6030759 0.6115742 0.6660515 0.6814875 0.7434273 0.5687538 0.5928420 0.5994400 0.6850423 0.6717443 0.6617205 0.6341767 0.6323728 0.6410225 0.6889881 0.6753938 0.9844666 0.6850743 1.6257958 1.6745207 1.6562452 1.6975238 1.7819196 1.8994812 1.8673605 2.2873686 
HipPBCoV-CHB25              0.1551635 0.1310777 0.1807916 0.1457937 0.1977986 0.1317455 0.1332467 0.1639749 0.1118596 0.0000000 0.0910929 0.1668827 0.1769654 0.1908763 0.2012257 0.1858718 0.1844231 0.1911754 0.2062137 0.2036184 0.3143391 0.3597349 0.2923585 0.3014294 0.4732300 0.5492958 0.6599219 0.5998549 0.6279854 0.5714181 0.5909614 0.6477951 0.6321660 0.6740049 0.5883382 0.6140900 0.6394534 0.6738011 0.6369119 0.6358553 0.6454393 0.6234379 0.6287967 0.6488136 0.6300513 0.9224888 0.6744846 1.5375102 1.6205044 1.6412696 1.7149209 1.7911727 1.8582844 1.7756030 2.3701131 
BtCoV_HKU10                 0.1725124 0.1423825 0.2003455 0.1759684 0.2207876 0.1495730 0.1738518 0.1797534 0.1483601 0.0910929 0.0000000 0.1995282 0.1981707 0.2126379 0.1891399 0.2052095 0.2085579 0.2128631 0.2325929 0.1845330 0.3328282 0.3670893 0.2992789 0.3286126 0.4875710 0.5946220 0.7011157 0.6231733 0.6507711 0.6034831 0.6258654 0.6399010 0.6244906 0.6873816 0.6301323 0.6342950 0.7015846 0.6380542 0.6345571 0.6308949 0.6304407 0.5993855 0.6831973 0.6655041 0.6619680 0.9492023 0.6834240 1.5699045 1.6294863 1.6311463 1.7260902 1.7978853 1.8441191 1.7729874 2.4048954 
BtKYNL63_APD51481.1         0.2540362 0.2193584 0.2436403 0.2175326 0.2005277 0.1837886 0.2167482 0.2179245 0.1869533 0.1668827 0.1995282 0.0000000 0.1616996 0.2018096 0.2093983 0.2347709 0.2118280 0.2313010 0.2413860 0.2571592 0.3498073 0.3802757 0.3405455 0.3571640 0.4990489 0.5456431 0.6001106 0.5926261 0.6164282 0.5732417 0.6464825 0.6394900 0.6101670 0.6413392 0.5575841 0.6141087 0.6382517 0.6661803 0.6615413 0.6354663 0.6118711 0.6105568 0.6097737 0.6783713 0.6559301 0.9217114 0.6733854 1.5958664 1.6446932 1.6688397 1.7506006 1.8235822 1.9734491 1.8913563 2.1503857 
HCoV_NL63                   0.2528728 0.2225639 0.2665927 0.2188369 0.2086079 0.1995046 0.2379379 0.2172324 0.2097171 0.1769654 0.1981707 0.1616996 0.0000000 0.2228684 0.1971599 0.2460046 0.2389336 0.2566117 0.2633466 0.2234366 0.3837690 0.3912515 0.3739179 0.3592152 0.4757458 0.5180621 0.6198327 0.5653004 0.5973008 0.5795641 0.6374819 0.6320736 0.6218883 0.6760919 0.5881079 0.5935623 0.6318325 0.6463794 0.6796061 0.6187763 0.6021595 0.6386156 0.6351516 0.6456178 0.6271067 0.9149528 0.7123700 1.5402274 1.5860631 1.6432190 1.6818481 1.7215604 1.8705075 1.7232738 2.1408896 
BtMr-AlphaCoV               0.1940223 0.1680549 0.2063910 0.1761540 0.1718561 0.1525639 0.2136100 0.2011437 0.1520677 0.1908763 0.2126379 0.2018096 0.2228684 0.0000000 0.2549407 0.2089460 0.2208181 0.2041168 0.1986984 0.2061509 0.3216448 0.3762664 0.3163001 0.3449698 0.5042469 0.5559041 0.6188158 0.6432712 0.6881098 0.6509006 0.6751906 0.6891461 0.6807201 0.7040207 0.5983249 0.6592508 0.6800585 0.7119436 0.7243315 0.6970672 0.6829748 0.6656903 0.6998603 0.7109760 0.6843308 1.0200667 0.6683296 1.6484548 1.6707686 1.6952269 1.7383593 1.8245955 1.8421622 1.8141072 2.2390110 
HCoV_229E                   0.2566097 0.2110564 0.2716248 0.2344968 0.2160155 0.2273785 0.2706479 0.2752285 0.2238121 0.2012257 0.1891399 0.2093983 0.1971599 0.2549407 0.0000000 0.2880533 0.2693686 0.2806374 0.2612670 0.2507849 0.3431743 0.3771681 0.3822187 0.3371210 0.4925127 0.5797647 0.6913493 0.6606268 0.6951735 0.6437478 0.6913697 0.7084945 0.6980845 0.7345558 0.5989442 0.6434921 0.6356299 0.6945737 0.6991243 0.6871305 0.6903555 0.6708629 0.6999789 0.6874566 0.6960059 0.9658581 0.7728072 1.5390590 1.6089872 1.6437946 1.6783490 1.7546199 1.9182066 1.8430568 2.5704769 
ACoV-WA2028                 0.2107455 0.2026058 0.2021612 0.1975602 0.2225888 0.1692639 0.1981503 0.1688366 0.1399744 0.1858718 0.2052095 0.2347709 0.2460046 0.2089460 0.2880533 0.0000000 0.1762187 0.1213846 0.1564123 0.1976461 0.3750125 0.3944883 0.3255965 0.3168167 0.5559666 0.6300608 0.6919875 0.6217668 0.6352218 0.6219784 0.6835912 0.7064245 0.7009454 0.7496503 0.6421171 0.6576596 0.6805100 0.7488270 0.7455743 0.7168097 0.6939709 0.6953325 0.6549077 0.7401499 0.7286710 1.0472195 0.7008133 1.5167502 1.5850326 1.6679780 1.5701102 1.6693211 1.7117963 1.6018215 2.3073871 
BtNv-AlphaCoV               0.1895113 0.1730147 0.1706343 0.1777608 0.1722339 0.1608159 0.1974589 0.2012893 0.1764964 0.1844231 0.2085579 0.2118280 0.2389336 0.2208181 0.2693686 0.1762187 0.0000000 0.1297201 0.1258015 0.2275527 0.3729559 0.3868796 0.2966848 0.3540627 0.4913455 0.5465595 0.7058423 0.6325063 0.6277884 0.5963768 0.5830258 0.6280720 0.6253998 0.6872725 0.5916558 0.5637595 0.6104812 0.6455794 0.6574484 0.6422721 0.6272296 0.6226995 0.6087777 0.7412159 0.7126668 1.0006145 0.6256701 1.5862992 1.6834196 1.6491397 1.7427063 1.7764050 1.8554091 1.7430276 2.1771877 
TyBCoV-HKU33                0.1956034 0.1928154 0.1662813 0.1604002 0.1889628 0.1469551 0.1655103 0.1839062 0.1695032 0.1911754 0.2128631 0.2313010 0.2566117 0.2041168 0.2806374 0.1213846 0.1297201 0.0000000 0.1245464 0.2059816 0.3670198 0.3922050 0.2803489 0.3174084 0.5165072 0.5677276 0.6944278 0.6284148 0.6361915 0.6161207 0.6370446 0.6678858 0.6840157 0.7228988 0.6089024 0.5975939 0.6599068 0.6889816 0.7112641 0.6542860 0.6315960 0.6328379 0.6599456 0.7162069 0.7083719 1.0327968 0.6269058 1.5875324 1.6709065 1.7399281 1.7026535 1.7396537 1.8107511 1.7236366 2.1581150 
PK-BatCoV                   0.2018609 0.1914323 0.1921418 0.1978035 0.1772458 0.1421882 0.2035891 0.2014931 0.1892526 0.2062137 0.2325929 0.2413860 0.2633466 0.1986984 0.2612670 0.1564123 0.1258015 0.1245464 0.0000000 0.2262181 0.3596223 0.3898191 0.3098220 0.3434175 0.5200717 0.5994935 0.7023778 0.6679145 0.6476787 0.6169018 0.6496270 0.6936886 0.6764016 0.7317772 0.6113152 0.5802378 0.6188632 0.7026030 0.7388423 0.6881320 0.6685370 0.6593609 0.6026844 0.6922604 0.6717775 0.9821961 0.6498232 1.5586969 1.6447634 1.7066237 1.6907665 1.7536975 1.8362201 1.7276755 2.2282431 
Rh-BatCoV_HKU2              0.1951169 0.1946861 0.2066179 0.1763417 0.2153654 0.1807321 0.1857041 0.1779966 0.1879234 0.2036184 0.1845330 0.2571592 0.2234366 0.2061509 0.2507849 0.1976461 0.2275527 0.2059816 0.2262181 0.0000000 0.2958738 0.3092564 0.3047181 0.2903418 0.4727108 0.5825827 0.6464490 0.6120808 0.6227695 0.5869865 0.6416236 0.6691861 0.6235879 0.6560030 0.6109946 0.6061824 0.6668326 0.6334375 0.6236364 0.5947127 0.6295940 0.6262797 0.6147778 0.6333813 0.6264821 0.9233429 0.6118152 1.6421476 1.6680909 1.6233964 1.6676921 1.7871050 1.8044117 1.7294246 2.3698574 
MCoV                        0.3243336 0.3097542 0.3126207 0.3074553 0.3502052 0.3114697 0.3203378 0.3261492 0.3283087 0.3143391 0.3328282 0.3498073 0.3837690 0.3216448 0.3431743 0.3750125 0.3729559 0.3670198 0.3596223 0.2958738 0.0000000 0.2200318 0.3773464 0.3561544 0.5160804 0.5399803 0.6323978 0.6488876 0.7056737 0.6618197 0.6990292 0.7322188 0.6795419 0.7367063 0.6222916 0.7053728 0.6810814 0.6824624 0.6822373 0.6690740 0.7162554 0.6376962 0.7564231 0.8283551 0.7551837 1.0944996 0.7107276 1.6114650 1.6999132 1.7019085 1.7304871 1.8423030 1.9660332 1.8345259 2.2980557 
TGEV                        0.3250241 0.3263638 0.3273897 0.3232629 0.3556813 0.3213508 0.3603016 0.3045628 0.3259476 0.3597349 0.3670893 0.3802757 0.3912515 0.3762664 0.3771681 0.3944883 0.3868796 0.3922050 0.3898191 0.3092564 0.2200318 0.0000000 0.3623539 0.3902667 0.4714175 0.6280295 0.5986075 0.6496192 0.6831035 0.6388960 0.7113067 0.6971830 0.6489848 0.6745983 0.6761818 0.6433623 0.7032690 0.6619842 0.6042999 0.6118763 0.6912724 0.6118403 0.8118689 0.8275759 0.8175795 1.1375778 0.7199338 1.7712319 1.7180609 1.7152912 1.6704079 1.7897105 1.9947020 1.8264442 2.1625939 
LRNV                        0.2685960 0.2352845 0.2423858 0.2356534 0.2877087 0.2506177 0.2645195 0.2902082 0.2770085 0.2923585 0.2992789 0.3405455 0.3739179 0.3163001 0.3822187 0.3255965 0.2966848 0.2803489 0.3098220 0.3047181 0.3773464 0.3623539 0.0000000 0.3779491 0.4779299 0.7012336 0.6982036 0.6549688 0.6781562 0.6411041 0.6687660 0.6893988 0.6495886 0.7218398 0.5932896 0.6532688 0.6088883 0.7126067 0.6705689 0.6258854 0.6776395 0.6397378 0.6694439 0.6878416 0.7026191 1.0183799 0.6071336 1.6284784 1.7509913 1.7502088 1.7664580 1.8140995 1.8181223 1.8291954 2.3462675 
BtCoV-AMA-L-F               0.3051148 0.3180357 0.3567442 0.3212357 0.3606661 0.3194852 0.3177042 0.3454081 0.3128775 0.3014294 0.3286126 0.3571640 0.3592152 0.3449698 0.3371210 0.3168167 0.3540627 0.3174084 0.3434175 0.2903418 0.3561544 0.3902667 0.3779491 0.0000000 0.5794249 0.6451101 0.7960607 0.7192230 0.7423585 0.7250401 0.7370711 0.7411214 0.7790642 0.8282043 0.7001887 0.7571936 0.7284638 0.7395365 0.7285382 0.7000301 0.7031285 0.7414724 0.7984731 0.7616235 0.7119596 1.0283628 0.8033249 1.5313802 1.6207984 1.7552495 1.5289486 1.6246674 1.7559114 1.6240989 2.3276163 
Sa-CoV_T14                  0.4767876 0.4670251 0.4937407 0.4970791 0.4853737 0.4505291 0.5067508 0.5114886 0.4768320 0.4732300 0.4875710 0.4990489 0.4757458 0.5042469 0.4925127 0.5559666 0.4913455 0.5165072 0.5200717 0.4727108 0.5160804 0.4714175 0.4779299 0.5794249 0.0000000 0.5805535 0.6643535 0.6539605 0.7274012 0.7334288 0.6907055 0.7088308 0.6745144 0.7505429 0.6552484 0.6418080 0.6365849 0.7440052 0.7795266 0.7656463 0.7681596 0.7745275 0.6781173 0.7097523 0.6847381 0.9872891 0.6386828 1.6391921 1.7340706 1.6678903 1.7182843 1.7782090 1.9624056 1.8203726 2.1364985 
Sm-CoV_X74                  0.5591179 0.5553483 0.6107581 0.5315054 0.6112080 0.5573773 0.6075437 0.5994954 0.5670101 0.5492958 0.5946220 0.5456431 0.5180621 0.5559041 0.5797647 0.6300608 0.5465595 0.5677276 0.5994935 0.5825827 0.5399803 0.6280295 0.7012336 0.6451101 0.5805535 0.0000000 0.8085782 0.7566820 0.8258496 0.7839975 0.8476638 0.8926062 0.8670309 0.9493201 0.7737905 0.8497436 0.8168142 0.8873604 0.8921182 0.8537638 0.8696527 0.8445949 0.8583516 0.9529826 0.8868404 1.1822663 0.8104208 1.7628922 1.8506734 1.7706755 1.8809234 1.8844657 2.1483373 1.9053881 2.3617641 
Bat_Hp-BetaCoV              0.7053437 0.6905620 0.6491952 0.6520503 0.6559553 0.6479130 0.6884561 0.6368537 0.6705793 0.6599219 0.7011157 0.6001106 0.6198327 0.6188158 0.6913493 0.6919875 0.7058423 0.6944278 0.7023778 0.6464490 0.6323978 0.5986075 0.6982036 0.7960607 0.6643535 0.8085782 0.0000000 0.3268492 0.3726674 0.3676934 0.5084641 0.4807461 0.4690497 0.4563593 0.4112732 0.4940520 0.4935514 0.5631580 0.5609499 0.5479212 0.5646092 0.5745964 0.6703700 0.7292793 0.7190651 1.0709030 0.6439244 1.7951019 1.7535133 1.7270427 1.6778749 1.7353904 1.9615152 1.9505640 2.2468566 
SARSr-CoV                   0.6586717 0.6276370 0.5791870 0.5910086 0.6087904 0.6026411 0.6187927 0.5898467 0.6072269 0.5998549 0.6231733 0.5926261 0.5653004 0.6432712 0.6606268 0.6217668 0.6325063 0.6284148 0.6679145 0.6120808 0.6488876 0.6496192 0.6549688 0.7192230 0.6539605 0.7566820 0.3268492 0.0000000 0.0636923 0.0802582 0.4374205 0.4726752 0.4204388 0.4653083 0.4056037 0.5081193 0.4715130 0.4384945 0.4359067 0.4099010 0.4889113 0.4768439 0.7498295 0.7653205 0.7126398 1.0534559 0.6313533 1.5441808 1.6084792 1.5753200 1.5835540 1.6022052 1.6957535 1.7675216 2.2418472 
SARS-CoV                    0.6814655 0.6552780 0.6188931 0.6482695 0.6356739 0.6074834 0.6543297 0.6330812 0.6460683 0.6279854 0.6507711 0.6164282 0.5973008 0.6881098 0.6951735 0.6352218 0.6277884 0.6361915 0.6476787 0.6227695 0.7056737 0.6831035 0.6781562 0.7423585 0.7274012 0.8258496 0.3726674 0.0636923 0.0000000 0.0502224 0.4460038 0.4431178 0.4406455 0.4516932 0.4670772 0.4753131 0.4779368 0.4369554 0.4343801 0.4114276 0.4838923 0.4695516 0.7269079 0.7732471 0.7235700 1.0398760 0.6423472 1.5031781 1.5383905 1.5238849 1.5357526 1.5638617 1.6360833 1.7366492 2.3061339 
SARS-CoV-2                  0.6384441 0.6175496 0.5733710 0.5907703 0.6010396 0.5710731 0.5952698 0.5982738 0.6030759 0.5714181 0.6034831 0.5732417 0.5795641 0.6509006 0.6437478 0.6219784 0.5963768 0.6161207 0.6169018 0.5869865 0.6618197 0.6388960 0.6411041 0.7250401 0.7334288 0.7839975 0.3676934 0.0802582 0.0502224 0.0000000 0.4248568 0.4227820 0.4192839 0.4300881 0.4663206 0.4892853 0.4696164 0.4263799 0.4160369 0.4117873 0.4736809 0.4545400 0.7257679 0.7516951 0.7461404 1.0856787 0.6537807 1.5312733 1.5646564 1.5493433 1.5547987 1.6049615 1.6851299 1.7506564 2.4140179 
EriCoV                      0.6437402 0.6616383 0.5856304 0.6152170 0.5914738 0.6064396 0.6441922 0.5857669 0.6115742 0.5909614 0.6258654 0.6464825 0.6374819 0.6751906 0.6913697 0.6835912 0.5830258 0.6370446 0.6496270 0.6416236 0.6990292 0.7113067 0.6687660 0.7370711 0.6907055 0.8476638 0.5084641 0.4374205 0.4460038 0.4248568 0.0000000 0.1393446 0.1444680 0.1820903 0.4904905 0.4901656 0.5139689 0.5503195 0.5577740 0.5182193 0.5800167 0.5629979 0.7476962 0.8097828 0.7611996 1.1001670 0.6063616 1.5488267 1.5367912 1.5373354 1.5710647 1.6026390 1.6314004 1.5828346 2.1364735 
MERS-CoV                    0.6807827 0.6847251 0.6100125 0.6639809 0.6278338 0.6481542 0.6445406 0.6114240 0.6660515 0.6477951 0.6399010 0.6394900 0.6320736 0.6891461 0.7084945 0.7064245 0.6280720 0.6678858 0.6936886 0.6691861 0.7322188 0.6971830 0.6893988 0.7411214 0.7088308 0.8926062 0.4807461 0.4726752 0.4431178 0.4227820 0.1393446 0.0000000 0.1227954 0.1418355 0.5475829 0.5264094 0.5707406 0.4678832 0.5078267 0.4739576 0.5300462 0.5274874 0.8020393 0.8332999 0.8083282 1.0985072 0.6370231 1.4815541 1.4617033 1.4375732 1.5311885 1.5332743 1.5185569 1.5578016 2.3848792 
Pi-BatCoV_HKU5              0.6759066 0.6796495 0.5989189 0.6493390 0.6281954 0.6523475 0.6284526 0.5913957 0.6814875 0.6321660 0.6244906 0.6101670 0.6218883 0.6807201 0.6980845 0.7009454 0.6253998 0.6840157 0.6764016 0.6235879 0.6795419 0.6489848 0.6495886 0.7790642 0.6745144 0.8670309 0.4690497 0.4204388 0.4406455 0.4192839 0.1444680 0.1227954 0.0000000 0.1043957 0.4885378 0.4744188 0.5024721 0.4784110 0.5031758 0.4853243 0.5427068 0.5423359 0.7288081 0.7454432 0.7327682 1.0449163 0.5866063 1.5107508 1.5379308 1.5266281 1.5387887 1.5739503 1.6792098 1.5697429 2.2769771 
Ty-BatCoV-HKU4              0.6902198 0.7110715 0.6245407 0.6459230 0.6551914 0.7130289 0.6737716 0.6215743 0.7434273 0.6740049 0.6873816 0.6413392 0.6760919 0.7040207 0.7345558 0.7496503 0.6872725 0.7228988 0.7317772 0.6560030 0.7367063 0.6745983 0.7218398 0.8282043 0.7505429 0.9493201 0.4563593 0.4653083 0.4516932 0.4300881 0.1820903 0.1418355 0.1043957 0.0000000 0.5552391 0.5018971 0.5177943 0.4828126 0.4862853 0.4532343 0.5527783 0.5209323 0.7694873 0.8265545 0.8068677 1.1064449 0.6564696 1.5795843 1.5150634 1.5389512 1.5896020 1.5906961 1.6667940 1.6441674 2.5317997 
Ei-BatCoV_C704              0.6082892 0.5919753 0.6001161 0.5812127 0.5591818 0.5663840 0.6141088 0.5937996 0.5687538 0.5883382 0.6301323 0.5575841 0.5881079 0.5983249 0.5989442 0.6421171 0.5916558 0.6089024 0.6113152 0.6109946 0.6222916 0.6761818 0.5932896 0.7001887 0.6552484 0.7737905 0.4112732 0.4056037 0.4670772 0.4663206 0.4904905 0.5475829 0.4885378 0.5552391 0.0000000 0.2526366 0.2051748 0.6303559 0.6379324 0.5928900 0.6037866 0.6181490 0.7071420 0.7504910 0.7397131 1.0503391 0.6513626 1.6832355 1.7076222 1.7073369 1.6644533 1.7346800 1.9144468 1.8386141 2.2911984 
Ro-BatCoV_GCCDC1            0.6480098 0.6507390 0.6182375 0.6233460 0.6154693 0.5996324 0.6102209 0.6065511 0.5928420 0.6140900 0.6342950 0.6141087 0.5935623 0.6592508 0.6434921 0.6576596 0.5637595 0.5975939 0.5802378 0.6061824 0.7053728 0.6433623 0.6532688 0.7571936 0.6418080 0.8497436 0.4940520 0.5081193 0.4753131 0.4892853 0.4901656 0.5264094 0.4744188 0.5018971 0.2526366 0.0000000 0.1680781 0.6819558 0.6748461 0.6351346 0.6493020 0.6632394 0.6428950 0.7602378 0.7049551 1.0180616 0.6455806 1.8501811 1.7618313 1.7950236 1.7632728 1.8036735 1.9772644 1.9482445 2.2225750 
Ro-BatCoV_HKU9              0.7048072 0.6912708 0.6946913 0.6979869 0.6260455 0.6172612 0.6734549 0.6338580 0.5994400 0.6394534 0.7015846 0.6382517 0.6318325 0.6800585 0.6356299 0.6805100 0.6104812 0.6599068 0.6188632 0.6668326 0.6810814 0.7032690 0.6088883 0.7284638 0.6365849 0.8168142 0.4935514 0.4715130 0.4779368 0.4696164 0.5139689 0.5707406 0.5024721 0.5177943 0.2051748 0.1680781 0.0000000 0.6586232 0.6634663 0.6296055 0.6470839 0.6716769 0.6879609 0.7854654 0.7354739 1.0661724 0.7355764 1.6465156 1.6604225 1.6306109 1.6241505 1.6858477 1.8841532 1.9128812 2.2889732 
ChRCoV_HKU24                0.6767869 0.6896894 0.6529547 0.6778453 0.6373441 0.6436009 0.7182113 0.7172995 0.6850423 0.6738011 0.6380542 0.6661803 0.6463794 0.7119436 0.6945737 0.7488270 0.6455794 0.6889816 0.7026030 0.6334375 0.6824624 0.6619842 0.7126067 0.7395365 0.7440052 0.8873604 0.5631580 0.4384945 0.4369554 0.4263799 0.5503195 0.4678832 0.4784110 0.4828126 0.6303559 0.6819558 0.6586232 0.0000000 0.0999139 0.1161336 0.1380599 0.1283403 0.8097798 0.8098980 0.7730858 1.0561369 0.7384907 1.5939955 1.7715813 1.6684183 1.6250762 1.6813523 1.8029321 1.7067984 2.2794003 
HCoV_OC43                   0.6584937 0.6564351 0.6409307 0.6587336 0.6627310 0.6450905 0.6832338 0.7027959 0.6717443 0.6369119 0.6345571 0.6615413 0.6796061 0.7243315 0.6991243 0.7455743 0.6574484 0.7112641 0.7388423 0.6236364 0.6822373 0.6042999 0.6705689 0.7285382 0.7795266 0.8921182 0.5609499 0.4359067 0.4343801 0.4160369 0.5577740 0.5078267 0.5031758 0.4862853 0.6379324 0.6748461 0.6634663 0.0999139 0.0000000 0.0982151 0.1585081 0.1245399 0.8160996 0.8428848 0.7938792 1.1377589 0.7547072 1.7209805 1.8354252 1.7753392 1.7132444 1.7546938 1.8851601 1.7859149 2.3365989 
MrufCoV_2JL14               0.6319417 0.6389684 0.6107789 0.6336507 0.6277455 0.6375216 0.6775962 0.6512495 0.6617205 0.6358553 0.6308949 0.6354663 0.6187763 0.6970672 0.6871305 0.7168097 0.6422721 0.6542860 0.6881320 0.5947127 0.6690740 0.6118763 0.6258854 0.7000301 0.7656463 0.8537638 0.5479212 0.4099010 0.4114276 0.4117873 0.5182193 0.4739576 0.4853243 0.4532343 0.5928900 0.6351346 0.6296055 0.1161336 0.0982151 0.0000000 0.1569417 0.1577747 0.7711567 0.8301103 0.7765538 1.0820415 0.7284922 1.6551522 1.7579486 1.7013181 1.6916654 1.7507862 1.8971101 1.7078352 2.3074500 
MHV                         0.7009765 0.6611835 0.6407412 0.6407202 0.6007172 0.5935325 0.6898626 0.6750584 0.6341767 0.6454393 0.6304407 0.6118711 0.6021595 0.6829748 0.6903555 0.6939709 0.6272296 0.6315960 0.6685370 0.6295940 0.7162554 0.6912724 0.6776395 0.7031285 0.7681596 0.8696527 0.5646092 0.4889113 0.4838923 0.4736809 0.5800167 0.5300462 0.5427068 0.5527783 0.6037866 0.6493020 0.6470839 0.1380599 0.1585081 0.1569417 0.0000000 0.1546682 0.7710325 0.7496787 0.7556642 1.0878479 0.7566675 1.6904094 1.8368043 1.7181356 1.7226502 1.7431741 2.0003077 1.7784952 2.2558588 
HCoV_HKU1                   0.6560174 0.6480983 0.6237592 0.6307024 0.6013663 0.5740358 0.6791655 0.6790629 0.6323728 0.6234379 0.5993855 0.6105568 0.6386156 0.6656903 0.6708629 0.6953325 0.6226995 0.6328379 0.6593609 0.6262797 0.6376962 0.6118403 0.6397378 0.7414724 0.7745275 0.8445949 0.5745964 0.4768439 0.4695516 0.4545400 0.5629979 0.5274874 0.5423359 0.5209323 0.6181490 0.6632394 0.6716769 0.1283403 0.1245399 0.1577747 0.1546682 0.0000000 0.8517593 0.8224232 0.7760427 1.0940567 0.7331566 1.6798391 1.8450836 1.7135923 1.7952672 1.7748393 1.9543597 1.7530053 2.3047520 
BcanCoV_CB17                0.6893449 0.6420980 0.6780839 0.6943217 0.6371402 0.6252962 0.6355185 0.6113412 0.6410225 0.6287967 0.6831973 0.6097737 0.6351516 0.6998603 0.6999789 0.6549077 0.6087777 0.6599456 0.6026844 0.6147778 0.7564231 0.8118689 0.6694439 0.7984731 0.6781173 0.8583516 0.6703700 0.7498295 0.7269079 0.7257679 0.7476962 0.8020393 0.7288081 0.7694873 0.7071420 0.6428950 0.6879609 0.8097798 0.8160996 0.7711567 0.7710325 0.8517593 0.0000000 0.2100231 0.2265257 0.4144519 0.3955015 1.4887511 1.5103042 1.5636750 1.4699391 1.5405922 1.6655984 1.6120707 2.1258163 
DuCoV_2714                  0.7093130 0.6678483 0.7063628 0.7223536 0.6598216 0.6577738 0.6970264 0.6718500 0.6889881 0.6488136 0.6655041 0.6783713 0.6456178 0.7109760 0.6874566 0.7401499 0.7412159 0.7162069 0.6922604 0.6333813 0.8283551 0.8275759 0.6878416 0.7616235 0.7097523 0.9529826 0.7292793 0.7653205 0.7732471 0.7516951 0.8097828 0.8332999 0.7454432 0.8265545 0.7504910 0.7602378 0.7854654 0.8098980 0.8428848 0.8301103 0.7496787 0.8224232 0.2100231 0.0000000 0.1053126 0.2658032 0.3921156 1.5297049 1.5670416 1.6673158 1.5867650 1.6477202 1.7460759 1.7107161 2.3400364 
IBV                         0.6766545 0.6527298 0.6856392 0.7130956 0.6549856 0.6712961 0.6744043 0.6472867 0.6753938 0.6300513 0.6619680 0.6559301 0.6271067 0.6843308 0.6960059 0.7286710 0.7126668 0.7083719 0.6717775 0.6264821 0.7551837 0.8175795 0.7026191 0.7119596 0.6847381 0.8868404 0.7190651 0.7126398 0.7235700 0.7461404 0.7611996 0.8083282 0.7327682 0.8068677 0.7397131 0.7049551 0.7354739 0.7730858 0.7938792 0.7765538 0.7556642 0.7760427 0.2265257 0.1053126 0.0000000 0.1605011 0.4179116 1.4926011 1.5540632 1.6401798 1.5584219 1.6265501 1.6965450 1.7873804 2.3147354 
ACoV_9203                   0.9452094 0.9313385 1.0000345 1.0406716 0.9490753 0.9821444 0.9857229 0.9406803 0.9844666 0.9224888 0.9492023 0.9217114 0.9149528 1.0200667 0.9658581 1.0472195 1.0006145 1.0327968 0.9821961 0.9233429 1.0944996 1.1375778 1.0183799 1.0283628 0.9872891 1.1822663 1.0709030 1.0534559 1.0398760 1.0856787 1.1001670 1.0985072 1.0449163 1.1064449 1.0503391 1.0180616 1.0661724 1.0561369 1.1377589 1.0820415 1.0878479 1.0940567 0.4144519 0.2658032 0.1605011 0.0000000 0.6846542 1.9670733 2.0088709 2.1282867 2.0619753 2.0988046 2.0559468 2.2647651 2.7795092 
BWCoV                       0.6486058 0.6625365 0.6121981 0.6200387 0.6738366 0.6335177 0.6546416 0.6382828 0.6850743 0.6744846 0.6834240 0.6733854 0.7123700 0.6683296 0.7728072 0.7008133 0.6256701 0.6269058 0.6498232 0.6118152 0.7107276 0.7199338 0.6071336 0.8033249 0.6386828 0.8104208 0.6439244 0.6313533 0.6423472 0.6537807 0.6063616 0.6370231 0.5866063 0.6564696 0.6513626 0.6455806 0.7355764 0.7384907 0.7547072 0.7284922 0.7566675 0.7331566 0.3955015 0.3921156 0.4179116 0.6846542 0.0000000 1.6124782 1.5763688 1.5763680 1.6150696 1.6148287 1.7083462 1.7262136 2.1967217 
CMCoV_HKU21                 1.6637771 1.6416988 1.7220333 1.6888297 1.5697507 1.5841569 1.7009775 1.5553872 1.6257958 1.5375102 1.5699045 1.5958664 1.5402274 1.6484548 1.5390590 1.5167502 1.5862992 1.5875324 1.5586969 1.6421476 1.6114650 1.7712319 1.6284784 1.5313802 1.6391921 1.7628922 1.7951019 1.5441808 1.5031781 1.5312733 1.5488267 1.4815541 1.5107508 1.5795843 1.6832355 1.8501811 1.6465156 1.5939955 1.7209805 1.6551522 1.6904094 1.6798391 1.4887511 1.5297049 1.4926011 1.9670733 1.6124782 0.0000000 0.2131677 0.2310908 0.2062872 0.1971077 0.5162522 0.5630348 2.9647994 
BulCV_HKU11                 1.7477127 1.6848299 1.7730530 1.7487844 1.6355545 1.6473052 1.6893703 1.5530763 1.6745207 1.6205044 1.6294863 1.6446932 1.5860631 1.6707686 1.6089872 1.5850326 1.6834196 1.6709065 1.6447634 1.6680909 1.6999132 1.7180609 1.7509913 1.6207984 1.7340706 1.8506734 1.7535133 1.6084792 1.5383905 1.5646564 1.5367912 1.4617033 1.5379308 1.5150634 1.7076222 1.7618313 1.6604225 1.7715813 1.8354252 1.7579486 1.8368043 1.8450836 1.5103042 1.5670416 1.5540632 2.0088709 1.5763688 0.2131677 0.0000000 0.1284593 0.1589979 0.1639223 0.4613358 0.5254038 2.8366590 
WECoV_HKU16                 1.7424646 1.6919106 1.7763301 1.7476936 1.6537487 1.6294289 1.7231294 1.5885315 1.6562452 1.6412696 1.6311463 1.6688397 1.6432190 1.6952269 1.6437946 1.6679780 1.6491397 1.7399281 1.7066237 1.6233964 1.7019085 1.7152912 1.7502088 1.7552495 1.6678903 1.7706755 1.7270427 1.5753200 1.5238849 1.5493433 1.5373354 1.4375732 1.5266281 1.5389512 1.7073369 1.7950236 1.6306109 1.6684183 1.7753392 1.7013181 1.7181356 1.7135923 1.5636750 1.6673158 1.6401798 2.1282867 1.5763680 0.2310908 0.1284593 0.0000000 0.1875290 0.1778143 0.5259120 0.5946213 3.2402281 
MunCV_HKU13                 1.7628683 1.8075689 1.8398080 1.7804762 1.7140023 1.6980698 1.7632881 1.5983745 1.6975238 1.7149209 1.7260902 1.7506006 1.6818481 1.7383593 1.6783490 1.5701102 1.7427063 1.7026535 1.6907665 1.6676921 1.7304871 1.6704079 1.7664580 1.5289486 1.7182843 1.8809234 1.6778749 1.5835540 1.5357526 1.5547987 1.5710647 1.5311885 1.5387887 1.5896020 1.6644533 1.7632728 1.6241505 1.6250762 1.7132444 1.6916654 1.7226502 1.7952672 1.4699391 1.5867650 1.5584219 2.0619753 1.6150696 0.2062872 0.1589979 0.1875290 0.0000000 0.0944752 0.5549341 0.5536578 3.0551082 
PoCoV_HKU15                 1.8717497 1.8721251 1.8984153 1.8438453 1.7712153 1.7709014 1.8356596 1.7111227 1.7819196 1.7911727 1.7978853 1.8235822 1.7215604 1.8245955 1.7546199 1.6693211 1.7764050 1.7396537 1.7536975 1.7871050 1.8423030 1.7897105 1.8140995 1.6246674 1.7782090 1.8844657 1.7353904 1.6022052 1.5638617 1.6049615 1.6026390 1.5332743 1.5739503 1.5906961 1.7346800 1.8036735 1.6858477 1.6813523 1.7546938 1.7507862 1.7431741 1.7748393 1.5405922 1.6477202 1.6265501 2.0988046 1.6148287 0.1971077 0.1639223 0.1778143 0.0944752 0.0000000 0.5280853 0.5338648 2.9501807 
WiCoV_HKU20                 1.8804293 1.8771309 1.9369450 1.8979055 1.8919536 1.7700491 1.8578267 1.7071562 1.8994812 1.8582844 1.8441191 1.9734491 1.8705075 1.8421622 1.9182066 1.7117963 1.8554091 1.8107511 1.8362201 1.8044117 1.9660332 1.9947020 1.8181223 1.7559114 1.9624056 2.1483373 1.9615152 1.6957535 1.6360833 1.6851299 1.6314004 1.5185569 1.6792098 1.6667940 1.9144468 1.9772644 1.8841532 1.8029321 1.8851601 1.8971101 2.0003077 1.9543597 1.6655984 1.7460759 1.6965450 2.0559468 1.7083462 0.5162522 0.4613358 0.5259120 0.5549341 0.5280853 0.0000000 0.6651471 3.1473214 
NHCoV_HKU19                 1.8404819 1.7995213 1.8697887 1.8322937 1.7919019 1.7468558 1.8384933 1.7102301 1.8673605 1.7756030 1.7729874 1.8913563 1.7232738 1.8141072 1.8430568 1.6018215 1.7430276 1.7236366 1.7276755 1.7294246 1.8345259 1.8264442 1.8291954 1.6240989 1.8203726 1.9053881 1.9505640 1.7675216 1.7366492 1.7506564 1.5828346 1.5578016 1.5697429 1.6441674 1.8386141 1.9482445 1.9128812 1.7067984 1.7859149 1.7078352 1.7784952 1.7530053 1.6120707 1.7107161 1.7873804 2.2647651 1.7262136 0.5630348 0.5254038 0.5946213 0.5536578 0.5338648 0.6651471 0.0000000 2.9236350 
PsNV                        2.4118988 2.3904268 2.3469442 2.3741816 2.3224541 2.1782247 2.3584329 2.2817044 2.2873686 2.3701131 2.4048954 2.1503857 2.1408896 2.2390110 2.5704769 2.3073871 2.1771877 2.1581150 2.2282431 2.3698574 2.2980557 2.1625939 2.3462675 2.3276163 2.1364985 2.3617641 2.2468566 2.2418472 2.3061339 2.4140179 2.1364735 2.3848792 2.2769771 2.5317997 2.2911984 2.2225750 2.2889732 2.2794003 2.3365989 2.3074500 2.2558588 2.3047520 2.1258163 2.3400364 2.3147354 2.7795092 2.1967217 2.9647994 2.8366590 3.2402281 3.0551082 2.9501807 3.1473214 2.9236350 0.0000000 
