55
ACoV-WA1087                 0.0000000 0.2559536 0.2144222 0.2556666 0.3418309 0.3177180 0.2946983 0.3243049 0.3240215 0.3860580 0.4103659 0.3077756 0.3152278 0.3246674 0.3683823 0.2582041 0.3429415 0.3905437 0.4634776 0.3288593 0.4750916 0.4228167 0.4113381 0.5787980 0.5016776 0.7079741 0.9227701 0.9717298 0.9550453 0.9700401 1.0176338 1.0639869 1.0495808 1.1000487 1.1291370 1.0137328 1.0551507 0.7946715 0.7751687 0.7630673 0.7985557 0.8027849 1.2211152 1.1671056 1.2087836 1.1515787 1.3256867 1.7612222 1.7725671 1.6607121 1.7337833 1.7928008 1.6898400 1.6012487 5.7913810 
BtCoV/020_16/M.dau/FIN/2016 0.2559536 0.0000000 0.2012616 0.2084609 0.3306143 0.3393217 0.3182948 0.3174766 0.2783251 0.3606682 0.4063023 0.3277552 0.3492884 0.3600477 0.3635494 0.2980717 0.3289129 0.4173632 0.4236480 0.4135078 0.4460074 0.4145337 0.3933904 0.6067493 0.5258611 0.7019446 0.8676787 0.9304122 0.9139089 0.9283596 0.9452311 0.9859677 0.9190572 0.9248635 0.9267922 0.9522162 0.9309478 0.7288002 0.6930546 0.7071569 0.6937001 0.7143654 1.1260152 1.0408674 1.0799449 1.0286503 1.2594289 1.8741678 1.8515924 1.7466864 1.8345023 1.7813729 1.8595170 1.6828544 6.8404811 
PEDV                        0.2144222 0.2012616 0.0000000 0.1063721 0.2539440 0.2160669 0.2263320 0.1915834 0.2132518 0.2433372 0.2847926 0.2396101 0.2529025 0.2738794 0.2989535 0.2247811 0.2223250 0.2929193 0.3215157 0.3346193 0.4058540 0.3901242 0.3694776 0.5308443 0.5057366 0.7146489 0.8687200 0.9123081 0.8958663 0.9101007 1.0212512 1.0508868 1.0659759 1.0438378 1.0885999 0.9063657 1.0114990 0.7751699 0.7236561 0.7580632 0.7529742 0.7614850 1.1827202 1.0715407 1.1501903 1.0957218 1.3356330 1.6975654 1.7552366 1.6566655 1.6859836 1.6232798 1.5724165 1.5497036 6.8403273 
Sc-BatCoV_512               0.2556666 0.2084609 0.1063721 0.0000000 0.2955408 0.2825803 0.3121637 0.2510358 0.2330616 0.3271827 0.3691225 0.2959930 0.2626720 0.3156376 0.3336666 0.3157481 0.2423138 0.3484382 0.3716421 0.3578475 0.4218971 0.4920421 0.4506505 0.5833216 0.4915942 0.7092330 0.8546510 0.8659425 0.8500101 0.8634110 0.9526011 0.9714842 0.9714239 0.9863597 0.9562132 0.8863679 0.9268303 0.6975801 0.6376777 0.6708610 0.6699486 0.6810749 1.2290823 1.0735806 1.1783268 1.1225471 1.3624468 1.8542430 1.8325421 1.7243029 1.7836412 1.6886176 1.6804314 1.5485933 6.6111408 
ACoV-WA3607                 0.3418309 0.3306143 0.2539440 0.2955408 0.0000000 0.1442253 0.1881309 0.2016017 0.2693891 0.2539650 0.2441397 0.2386844 0.2904379 0.2711139 0.2605432 0.2211991 0.2714576 0.3217856 0.3139385 0.3597593 0.3523011 0.4065845 0.3931795 0.5516748 0.5981429 0.8855818 0.8981109 0.9451602 0.9507535 0.9658309 0.9610308 0.9539858 0.9811988 0.8428438 0.8802702 0.8369215 0.8668666 0.8228312 0.7999540 0.8004569 0.8026018 0.8785399 1.2149360 1.1486297 1.2178262 1.1606006 1.2970888 1.6136797 1.6569911 1.5651121 1.6006884 1.6202226 1.5676014 1.5818077 7.1051141 
BtRf-AlphaCoV               0.3177180 0.3393217 0.2160669 0.2825803 0.1442253 0.0000000 0.1235561 0.1496018 0.1982020 0.2578481 0.2483683 0.2942924 0.2666131 0.2803269 0.2341779 0.3047021 0.2714078 0.3160791 0.3165128 0.2837785 0.3796823 0.4624256 0.4100608 0.5348183 0.5876272 0.8103579 0.9485530 1.0443369 0.9977166 1.0135962 1.0430887 1.0625794 1.0494035 0.9613670 0.9517337 0.8374109 1.0098103 0.7690830 0.7205448 0.7513423 0.7535940 0.7889898 1.2424229 1.1582658 1.2467284 1.1884713 1.3523570 1.5866440 1.6401575 1.5480992 1.5758648 1.6382554 1.5480412 1.6472703 7.3980625 
HipPBCoV-CHB25              0.2946983 0.3182948 0.2263320 0.3121637 0.1881309 0.1235561 0.0000000 0.1398097 0.2348641 0.3061532 0.3435364 0.2996286 0.3556338 0.3643228 0.3194490 0.2327495 0.2955571 0.3306950 0.3446158 0.3028413 0.4333605 0.4088775 0.3596842 0.5550063 0.5748808 0.7913543 0.9224792 1.0662425 1.0191345 1.0352546 1.0738877 1.0940832 1.0806588 1.0612629 1.1035477 0.9670275 1.1130871 0.9136626 0.8847464 0.9033679 0.9057585 0.9516577 1.1813589 1.1882554 1.2024151 1.1518791 1.4479192 1.6814285 1.7569014 1.6572444 1.6962011 1.8158994 1.6572161 1.7410406 7.8024886 
BtCoV_HKU10                 0.3243049 0.3174766 0.1915834 0.2510358 0.2016017 0.1496018 0.1398097 0.0000000 0.2471869 0.2208787 0.2560283 0.3184131 0.3204998 0.3049385 0.3082847 0.2538555 0.2800920 0.3395949 0.2551254 0.2671268 0.4041761 0.5137726 0.4543968 0.5317929 0.5337193 0.7841140 0.8939891 0.9561551 0.9394678 0.9543187 1.0468524 1.1006731 1.0893930 1.0014549 1.0184553 0.8399966 0.8982446 0.7999168 0.7742500 0.8072887 0.8018650 0.8250092 1.1981298 1.1176453 1.2218051 1.1635176 1.3341963 1.4135641 1.4591434 1.3709538 1.4112869 1.5265728 1.3752563 1.4387184 6.8687858 
BtMr-AlphaCoV               0.3240215 0.2783251 0.2132518 0.2330616 0.2693891 0.1982020 0.2348641 0.2471869 0.0000000 0.2447953 0.2526242 0.3260949 0.3304256 0.3495055 0.3439351 0.2935762 0.2409856 0.3076883 0.3441374 0.3349798 0.3480062 0.4449264 0.4194038 0.5401969 0.6000824 0.8967746 0.8993463 0.9888691 0.9446437 0.9595321 1.0874574 1.1673862 1.1232879 0.9969210 1.0179013 0.9213996 1.0958162 0.9087940 0.8641732 0.8923288 0.8538845 0.8997035 1.1363174 1.1106357 1.2165838 1.1601240 1.2829609 1.7597329 1.8505955 1.7314633 1.7911687 1.9124729 1.6267691 1.7386039 7.7090322 
Mi-BatCoV_1A                0.3860580 0.3606682 0.2433372 0.3271827 0.2539650 0.2578481 0.3061532 0.2208787 0.2447953 0.0000000 0.1217646 0.2960654 0.2931910 0.2843012 0.2343733 0.2452465 0.2826632 0.3688632 0.3256757 0.3490452 0.3583803 0.4508835 0.3961508 0.4866008 0.6680495 0.8796291 0.8374053 0.8180068 0.8232810 0.8365925 1.0178573 1.1035722 1.0296573 0.8798133 0.8958738 0.8034817 0.8913589 0.8535781 0.8312962 0.7936639 0.8176108 0.8733456 1.0533162 1.0808141 1.0963742 1.0437796 0.9959376 1.5274306 1.5778164 1.4885664 1.5167236 1.5222845 1.4332050 1.4362876 6.7648106 
Mi-BatCoV_HKU8              0.4103659 0.4063023 0.2847926 0.3691225 0.2441397 0.2483683 0.3435364 0.2560283 0.2526242 0.1217646 0.0000000 0.3105412 0.3311734 0.3285438 0.3032522 0.3185398 0.3018988 0.3707391 0.3655571 0.3773490 0.3790091 0.4810974 0.5017121 0.5102836 0.6722634 0.8849906 0.9255741 0.8753081 0.8806310 0.8944692 1.0171748 1.0796598 1.0419515 0.9305133 0.9016408 0.7947780 0.9750359 0.7912080 0.7730594 0.7556995 0.7889948 0.8278807 1.1505456 1.1654301 1.2175844 1.1610153 0.9861461 1.4435926 1.4916428 1.4085613 1.4359555 1.4402570 1.3234101 1.4748485 7.1871859 
ACoV-WA2028                 0.3077756 0.3277552 0.2396101 0.2959930 0.2386844 0.2942924 0.2996286 0.3184131 0.3260949 0.2960654 0.3105412 0.0000000 0.2121288 0.2441816 0.2639507 0.2740791 0.2890325 0.3135156 0.2989799 0.3045812 0.3571334 0.4204076 0.3671836 0.4769164 0.5551194 0.7650221 0.7882465 0.9024773 0.9078398 0.9219806 0.9503491 1.0228007 1.0146473 0.9603960 0.9715474 0.9003851 1.0160041 0.8482729 0.8521744 0.8430869 0.8551604 0.8889638 0.9829564 0.8647552 0.9734490 0.9274623 1.1407149 1.4509699 1.5144618 1.4302044 1.4831571 1.5372021 1.4385600 1.3669758 6.1538196 
BtNv-AlphaCoV               0.3152278 0.3492884 0.2529025 0.2626720 0.2904379 0.2666131 0.3556338 0.3204998 0.3304256 0.2931910 0.3311734 0.2121288 0.0000000 0.1903107 0.1950046 0.3249023 0.3395327 0.3007946 0.3524272 0.2915746 0.4088989 0.4607933 0.4294548 0.4481299 0.5245976 0.8139008 0.8628003 0.8792870 0.8845702 0.8983362 0.8893039 0.9325687 0.9153184 0.9046707 0.9237780 0.8219619 0.9468925 0.8754147 0.8107670 0.8398580 0.8488821 0.8657987 0.9999253 0.9384698 0.9676912 0.9210040 1.1309365 1.4916150 1.5158915 1.4333655 1.4227723 1.4428071 1.4650586 1.4260613 5.6897528 
TyBCoV-HKU33                0.3246674 0.3600477 0.2738794 0.3156376 0.2711139 0.2803269 0.3643228 0.3049385 0.3495055 0.2843012 0.3285438 0.2441816 0.1903107 0.0000000 0.2079424 0.3427254 0.3725973 0.4141612 0.3253743 0.3404388 0.4261772 0.4804407 0.4131591 0.5332822 0.6837388 0.8613743 0.8308070 0.9582021 0.9601124 0.9752226 1.0304648 1.0631604 1.0109267 0.9197340 0.8956146 0.8304203 0.8789460 0.9440870 0.8746529 0.9307387 0.9442805 1.0023296 0.9955970 1.0789725 1.0291585 0.9798508 1.0867091 1.6001765 1.6456335 1.5480767 1.5486163 1.5011732 1.3642467 1.3685272 6.9685251 
PK-BatCoV                   0.3683823 0.3635494 0.2989535 0.3336666 0.2605432 0.2341779 0.3194490 0.3082847 0.3439351 0.2343733 0.3032522 0.2639507 0.1950046 0.2079424 0.0000000 0.3284943 0.2825507 0.3667633 0.3229501 0.3370379 0.4411164 0.4715177 0.3558728 0.5276714 0.6757515 0.8306293 0.9308137 0.8822609 0.8876189 0.9015969 1.0323706 1.0397019 1.0332835 1.0029819 0.9672632 0.9131181 0.9407547 0.8840843 0.8883219 0.8684513 0.8811186 0.9459222 1.1436565 1.0503726 1.0889984 1.0372861 1.1056912 1.6125529 1.6372017 1.5474317 1.5614010 1.5646968 1.4657922 1.4371549 7.1579836 
Rh-BatCoV_HKU2              0.2582041 0.2980717 0.2247811 0.3157481 0.2211991 0.3047021 0.2327495 0.2538555 0.2935762 0.2452465 0.3185398 0.2740791 0.3249023 0.3427254 0.3284943 0.0000000 0.2867981 0.3061919 0.2685497 0.3611207 0.3123895 0.3633626 0.2817706 0.5443413 0.5824912 0.8715265 0.8758681 0.8582770 0.8635388 0.8770904 0.8961556 0.9556902 0.9268731 0.9244045 1.0188994 0.9299073 0.9988758 0.8443608 0.8199632 0.8164652 0.8185803 0.8353737 1.1761025 1.1283486 1.1438972 1.0903439 1.2191399 1.4941564 1.5647001 1.4775174 1.5003871 1.5674050 1.5114464 1.5304800 7.0403360 
BtCoV_CDPHE15               0.3429415 0.3289129 0.2223250 0.2423138 0.2714576 0.2714078 0.2955571 0.2800920 0.2409856 0.2826632 0.3018988 0.2890325 0.3395327 0.3725973 0.2825507 0.2867981 0.0000000 0.3176185 0.3332863 0.3474913 0.3943388 0.5143030 0.3590290 0.5944374 0.6126205 0.7980923 0.9896165 1.0346192 1.0366143 1.0528549 1.0763230 1.1683345 1.0822743 1.1443847 1.1318108 0.9941563 1.1147809 0.7978166 0.8115192 0.7885135 0.7424037 0.8285637 1.2782378 1.1851026 1.2928043 1.2331441 1.4115951 1.7543943 1.8494880 1.7243216 1.7660989 1.8556650 1.6650465 1.7176580 7.9488912 
BtCoV-AMA-L-F               0.3905437 0.4173632 0.2929193 0.3484382 0.3217856 0.3160791 0.3306950 0.3395949 0.3076883 0.3688632 0.3707391 0.3135156 0.3007946 0.4141612 0.3667633 0.3061919 0.3176185 0.0000000 0.3500236 0.4023241 0.4259524 0.4544467 0.4166444 0.5524384 0.5422984 0.8662527 0.8136785 0.8537754 0.8591879 0.8730924 0.8258382 0.8895987 0.8515815 0.9674195 1.0293613 0.8861818 1.0002462 1.0013734 1.0087324 1.0214975 0.9526099 1.0646474 1.0973168 0.9730661 1.0024592 0.9539004 1.2254133 1.4553481 1.5520044 1.3807756 1.4682609 1.4858879 1.4975512 1.6760728 6.4425242 
BtKYNL63_APD51481.1         0.4634776 0.4236480 0.3215157 0.3716421 0.3139385 0.3165128 0.3446158 0.2551254 0.3441374 0.3256757 0.3655571 0.2989799 0.3524272 0.3253743 0.3229501 0.2685497 0.3332863 0.3500236 0.0000000 0.2469625 0.2640615 0.5186912 0.4180369 0.5176227 0.6029189 0.8850646 0.8591193 0.9636609 0.9655648 0.9806401 0.9545828 1.0124175 0.9611566 1.0597348 1.0393367 0.9401723 1.0600634 0.8815546 0.9043157 0.9213117 0.8879116 0.9577738 1.0617148 1.0085394 1.1284350 1.0751830 1.1785074 1.5190999 1.5347898 1.3838323 1.4686593 1.4648828 1.4351843 1.3132517 7.0638143 
HCoV_NL63                   0.3288593 0.4135078 0.3346193 0.3578475 0.3597593 0.2837785 0.3028413 0.2671268 0.3349798 0.3490452 0.3773490 0.3045812 0.2915746 0.3404388 0.3370379 0.3611207 0.3474913 0.4023241 0.2469625 0.0000000 0.3576544 0.5340375 0.4961343 0.5100560 0.5716107 0.8754784 0.8784633 0.9501123 0.9556639 0.9706816 0.9218706 0.9972058 0.9963043 1.0681693 1.0478838 0.8219722 1.0752227 0.8318644 0.8507380 0.8650391 0.8554439 0.9203554 1.0308171 1.0538633 1.1344770 1.0805905 1.1781356 1.6264501 1.5899258 1.4589450 1.4963320 1.5857646 1.4993359 1.4705987 6.9672228 
HCoV_229E                   0.4750916 0.4460074 0.4058540 0.4218971 0.3523011 0.3796823 0.4333605 0.4041761 0.3480062 0.3583803 0.3790091 0.3571334 0.4088989 0.4261772 0.4411164 0.3123895 0.3943388 0.4259524 0.2640615 0.3576544 0.0000000 0.5581764 0.4927580 0.4956973 0.6237355 0.9829674 0.9075148 0.9410409 0.9428837 0.9574395 1.0302878 1.0740256 0.9624299 0.9681140 0.9268376 0.9151399 1.0421543 0.9212361 0.9252142 0.9256252 0.8643764 1.0215361 1.0358063 1.0801386 1.0631026 1.0125756 1.1305478 1.5341174 1.6590895 1.4858879 1.5749852 1.5677168 1.5201046 1.5323730 7.9516125 
MCoV                        0.4228167 0.4145337 0.3901242 0.4920421 0.4065845 0.4624256 0.4088775 0.5137726 0.4449264 0.4508835 0.4810974 0.4204076 0.4607933 0.4804407 0.4715177 0.3633626 0.5143030 0.4544467 0.5186912 0.5340375 0.5581764 0.0000000 0.2321495 0.5777454 0.7024046 0.6501580 0.9159475 1.0742167 1.1201703 1.1377679 1.1040107 1.1037437 1.1524418 1.0023704 1.0288916 1.0787392 1.0751860 0.9559945 0.8480518 0.8602008 0.9027942 0.9482055 1.1781284 1.0818965 1.1019451 1.0499729 1.1959636 1.7458534 1.8100238 1.7171578 1.6700438 1.7325375 1.7281811 1.6444656 7.9368622 
TGEV                        0.4113381 0.3933904 0.3694776 0.4506505 0.3931795 0.4100608 0.3596842 0.4543968 0.4194038 0.3961508 0.5017121 0.3671836 0.4294548 0.4131591 0.3558728 0.2817706 0.3590290 0.4166444 0.4180369 0.4961343 0.4927580 0.2321495 0.0000000 0.5375427 0.6240971 0.7883150 0.8944474 0.9695611 0.9714782 0.9866714 0.9112552 1.0117938 0.9641330 0.9916927 1.0236233 1.0142728 1.0701668 0.8668024 0.7694654 0.7662498 0.8039879 0.8805312 1.2757769 1.2160677 1.2413365 1.1837320 1.2825437 1.6230489 1.7271390 1.5825523 1.5933467 1.6748498 1.5830096 1.5307273 7.6893295 
Sm-CoV_X74                  0.5787980 0.6067493 0.5308443 0.5833216 0.5516748 0.5348183 0.5550063 0.5317929 0.5401969 0.4866008 0.5102836 0.4769164 0.4481299 0.5332822 0.5276714 0.5443413 0.5944374 0.5524384 0.5176227 0.5100560 0.4956973 0.5777454 0.5375427 0.0000000 0.6456645 0.7731159 0.9382204 0.9177882 0.9231218 0.9372998 1.0141788 0.9630430 1.0681065 0.9022317 0.8767057 0.7346014 0.8868614 0.8493650 0.8734605 0.8662133 0.8516041 0.9711493 1.0752981 1.0060225 1.0752514 1.0236992 0.9904269 1.6439259 1.6614253 1.5504702 1.5729492 1.5011060 1.7161571 1.5600744 8.1955008 
LRNV                        0.5016776 0.5258611 0.5057366 0.4915942 0.5981429 0.5876272 0.5748808 0.5337193 0.6000824 0.6680495 0.6722634 0.5551194 0.5245976 0.6837388 0.6757515 0.5824912 0.6126205 0.5422984 0.6029189 0.5716107 0.6237355 0.7024046 0.6240971 0.6456645 0.0000000 0.8609258 0.9589941 1.0866344 1.0689498 1.0860286 1.0764753 1.1333903 1.1513456 1.1146061 1.1178979 1.0712539 1.1069936 0.9215448 0.9107858 0.8384402 0.8783028 0.9655281 1.3071700 1.1856410 1.2329620 1.1734975 1.1972949 1.4928071 1.6279930 1.5209766 1.5532795 1.5727276 1.4718116 1.4940401 7.4527280 
Sa-CoV_T14                  0.7079741 0.7019446 0.7146489 0.7092330 0.8855818 0.8103579 0.7913543 0.7841140 0.8967746 0.8796291 0.8849906 0.7650221 0.8139008 0.8613743 0.8306293 0.8715265 0.7980923 0.8662527 0.8850646 0.8754784 0.9829674 0.6501580 0.7883150 0.7731159 0.8609258 0.0000000 0.8936105 1.0223120 1.0051819 1.0210755 0.9099178 0.8565374 0.9271748 1.0734261 1.0278523 1.0203766 1.0860478 0.8018810 0.7521300 0.7842345 0.8148824 0.8011294 1.1798158 0.9518331 1.1378098 1.0830966 1.0752391 1.7291944 1.7633169 1.6610334 1.6832091 1.6145686 1.7386050 1.6151884 7.3929472 
Bat_Hp-BetaCoV              0.9227701 0.8676787 0.8687200 0.8546510 0.8981109 0.9485530 0.9224792 0.8939891 0.8993463 0.8374053 0.9255741 0.7882465 0.8628003 0.8308070 0.9308137 0.8758681 0.9896165 0.8136785 0.8591193 0.8784633 0.9075148 0.9159475 0.8944474 0.9382204 0.9589941 0.8936105 0.0000000 0.4780024 0.4808584 0.4828171 0.7601009 0.7487631 0.6993439 0.7439319 0.6115696 0.7182542 0.6015149 1.0343749 1.0538585 0.9392787 1.0520578 1.1613339 1.0158700 0.9536024 0.9824357 0.9397187 1.0280141 1.7080874 1.7683267 1.6085187 1.6282476 1.6159849 1.6728051 1.7362304 7.5667541 
SARSr-CoV                   0.9717298 0.9304122 0.9123081 0.8659425 0.9451602 1.0443369 1.0662425 0.9561551 0.9888691 0.8180068 0.8753081 0.9024773 0.8792870 0.9582021 0.8822609 0.8582770 1.0346192 0.8537754 0.9636609 0.9501123 0.9410409 1.0742167 0.9695611 0.9177882 1.0866344 1.0223120 0.4780024 0.0000000 0.0238673 0.0402780 0.5155599 0.5145870 0.4904876 0.6662154 0.7467833 0.7546118 0.7174283 0.8250215 0.8650901 0.8849213 0.8789127 0.9186141 1.0374211 1.0321388 0.9578145 0.9118519 0.9631384 1.7677928 1.6683981 1.5789431 1.5549351 1.5534913 1.8297659 1.7976108 6.0459130 
SARS-CoV                    0.9550453 0.9139089 0.8958663 0.8500101 0.9507535 0.9977166 1.0191345 0.9394678 0.9446437 0.8232810 0.8806310 0.9078398 0.8845702 0.9601124 0.8876189 0.8635388 1.0366143 0.8591879 0.9655648 0.9556639 0.9428837 1.1201703 0.9714782 0.9231218 1.0689498 1.0051819 0.4808584 0.0238673 0.0000000 0.0157599 0.5195653 0.5186465 0.4900770 0.6709409 0.7480477 0.7595106 0.7257042 0.8093122 0.8490724 0.8556431 0.8629289 0.9020805 1.0394520 1.0425731 0.9633480 0.9172568 0.9687458 1.7778875 1.6778860 1.5789572 1.5550269 1.5535865 1.8402317 1.8242047 5.9795817 
SARS-CoV-2                  0.9700401 0.9283596 0.9101007 0.8634110 0.9658309 1.0135962 1.0352546 0.9543187 0.9595321 0.8365925 0.8944692 0.9219806 0.8983362 0.9752226 0.9015969 0.8770904 1.0528549 0.8730924 0.9806401 0.9706816 0.9574395 1.1377679 0.9866714 0.9372998 1.0860286 1.0210755 0.4828171 0.0402780 0.0157599 0.0000000 0.5497859 0.5492708 0.5201750 0.6883515 0.7704077 0.7796990 0.7294949 0.8267533 0.8672424 0.8738323 0.8811955 0.9213798 1.0659770 1.0922093 1.0083260 0.9606989 0.9626677 1.8177117 1.7146209 1.6127753 1.5888350 1.5869714 1.8821307 1.8576202 5.9365282 
Ei-BatCoV_C704              1.0176338 0.9452311 1.0212512 0.9526011 0.9610308 1.0430887 1.0738877 1.0468524 1.0874574 1.0178573 1.0171748 0.9503491 0.8893039 1.0304648 1.0323706 0.8961556 1.0763230 0.8258382 0.9545828 0.9218706 1.0302878 1.1040107 0.9112552 1.0141788 1.0764753 0.9099178 0.7601009 0.5155599 0.5195653 0.5497859 0.0000000 0.1635385 0.1308826 0.5903058 0.6596886 0.6426462 0.7435386 0.8198398 0.8291109 0.8765849 0.7988187 0.8438574 1.0048820 0.9346468 0.9525445 0.9053352 0.7529807 1.6267872 1.7088801 1.5035855 1.5279110 1.5254374 1.7229470 1.6802130 6.4739763 
Ro-BatCoV_GCCDC1            1.0639869 0.9859677 1.0508868 0.9714842 0.9539858 1.0625794 1.0940832 1.1006731 1.1673862 1.1035722 1.0796598 1.0228007 0.9325687 1.0631604 1.0397019 0.9556902 1.1683345 0.8895987 1.0124175 0.9972058 1.0740256 1.1037437 1.0117938 0.9630430 1.1333903 0.8565374 0.7487631 0.5145870 0.5186465 0.5492708 0.1635385 0.0000000 0.1128255 0.6198159 0.6729262 0.6992960 0.6933397 0.7402967 0.7591299 0.8597373 0.7505517 0.8133961 1.0282886 0.9742010 0.9929326 0.9446162 0.8224658 1.8856932 1.7939508 1.6126170 1.5744356 1.5380848 1.9640428 1.8840033 6.5756939 
Ro-BatCoV_HKU9              1.0495808 0.9190572 1.0659759 0.9714239 0.9811988 1.0494035 1.0806588 1.0893930 1.1232879 1.0296573 1.0419515 1.0146473 0.9153184 1.0109267 1.0332835 0.9268731 1.0822743 0.8515815 0.9611566 0.9963043 0.9624299 1.1524418 0.9641330 1.0681065 1.1513456 0.9271748 0.6993439 0.4904876 0.4900770 0.5201750 0.1308826 0.1128255 0.0000000 0.5541232 0.5945747 0.6575282 0.6806641 0.8065581 0.8224773 0.8898201 0.7898936 0.8133822 0.9516353 1.0003072 0.9561437 0.9091488 0.8044423 1.7383774 1.7188250 1.5832697 1.5224461 1.5463116 1.8072997 1.7819707 6.4802209 
EriCoV                      1.1000487 0.9248635 1.0438378 0.9863597 0.8428438 0.9613670 1.0612629 1.0014549 0.9969210 0.8798133 0.9305133 0.9603960 0.9046707 0.9197340 1.0029819 0.9244045 1.1443847 0.9674195 1.0597348 1.0681693 0.9681140 1.0023704 0.9916927 0.9022317 1.1146061 1.0734261 0.7439319 0.6662154 0.6709409 0.6883515 0.5903058 0.6198159 0.5541232 0.0000000 0.1056296 0.2150118 0.2291107 0.8276868 0.8033858 0.7184570 0.8027108 0.8410629 0.8308031 0.8934793 0.8432437 0.8009618 0.7174654 1.3184258 1.4313557 1.3361351 1.2880720 1.2773132 1.5127818 1.4466006 7.1576003 
MERS-CoV                    1.1291370 0.9267922 1.0885999 0.9562132 0.8802702 0.9517337 1.1035477 1.0184553 1.0179013 0.8958738 0.9016408 0.9715474 0.9237780 0.8956146 0.9672632 1.0188994 1.1318108 1.0293613 1.0393367 1.0478838 0.9268376 1.0288916 1.0236233 0.8767057 1.1178979 1.0278523 0.6115696 0.7467833 0.7480477 0.7704077 0.6596886 0.6729262 0.5945747 0.1056296 0.0000000 0.1585926 0.2098776 0.7780957 0.7549452 0.6453773 0.7236702 0.8149775 0.8464377 0.8690981 0.8713203 0.8285024 0.6696320 1.2507268 1.3706699 1.2806627 1.2476361 1.2037654 1.4282840 1.3556961 7.0892556 
Pi-BatCoV_HKU5              1.0137328 0.9522162 0.9063657 0.8863679 0.8369215 0.8374109 0.9670275 0.8399966 0.9213996 0.8034817 0.7947780 0.9003851 0.8219619 0.8304203 0.9131181 0.9299073 0.9941563 0.8861818 0.9401723 0.8219722 0.9151399 1.0787392 1.0142728 0.7346014 1.0712539 1.0203766 0.7182542 0.7546118 0.7595106 0.7796990 0.6426462 0.6992960 0.6575282 0.2150118 0.1585926 0.0000000 0.3115632 0.7660236 0.7452185 0.6690293 0.7498760 0.7800144 0.9954431 0.9639152 0.9737949 0.9270533 0.7175917 1.3301690 1.4617806 1.3640453 1.3232857 1.3053512 1.4599878 1.3438384 7.1538059 
Ty-BatCoV-HKU4              1.0551507 0.9309478 1.0114990 0.9268303 0.8668666 1.0098103 1.1130871 0.8982446 1.0958162 0.8913589 0.9750359 1.0160041 0.9468925 0.8789460 0.9407547 0.9988758 1.1147809 1.0002462 1.0600634 1.0752227 1.0421543 1.0751860 1.0701668 0.8868614 1.1069936 1.0860478 0.6015149 0.7174283 0.7257042 0.7294949 0.7435386 0.6933397 0.6806641 0.2291107 0.2098776 0.3115632 0.0000000 0.8413104 0.8460220 0.7604198 0.8148371 0.9046855 0.9474787 0.9557047 0.9709220 0.9243530 0.8073126 1.2180699 1.3383444 1.2487716 1.2097196 1.1593759 1.3811766 1.3095875 7.1049907 
ChRCoV_HKU24                0.7946715 0.7288002 0.7751699 0.6975801 0.8228312 0.7690830 0.9136626 0.7999168 0.9087940 0.8535781 0.7912080 0.8482729 0.8754147 0.9440870 0.8840843 0.8443608 0.7978166 1.0013734 0.8815546 0.8318644 0.9212361 0.9559945 0.8668024 0.8493650 0.9215448 0.8018810 1.0343749 0.8250215 0.8093122 0.8267533 0.8198398 0.7402967 0.8065581 0.8276868 0.7780957 0.7660236 0.8413104 0.0000000 0.0910003 0.1166061 0.0742760 0.1059297 1.2157713 1.1147700 1.2163772 1.1580943 1.0111027 1.5168103 1.4992096 1.3941883 1.4300196 1.3929214 1.6762197 1.6573178 8.9999983 
MHV                         0.7751687 0.6930546 0.7236561 0.6376777 0.7999540 0.7205448 0.8847464 0.7742500 0.8641732 0.8312962 0.7730594 0.8521744 0.8107670 0.8746529 0.8883219 0.8199632 0.8115192 1.0087324 0.9043157 0.8507380 0.9252142 0.8480518 0.7694654 0.8734605 0.9107858 0.7521300 1.0538585 0.8650901 0.8490724 0.8672424 0.8291109 0.7591299 0.8224773 0.8033858 0.7549452 0.7452185 0.8460220 0.0910003 0.0000000 0.0918890 0.1008419 0.0929254 1.3346620 1.2570304 1.3631095 1.2985864 1.0250789 1.5434829 1.5252983 1.4189866 1.4434844 1.3923841 1.6452158 1.6299307 8.9999987 
MrufCoV_2JL14               0.7630673 0.7071569 0.7580632 0.6708610 0.8004569 0.7513423 0.9033679 0.8072887 0.8923288 0.7936639 0.7556995 0.8430869 0.8398580 0.9307387 0.8684513 0.8164652 0.7885135 1.0214975 0.9213117 0.8650391 0.9256252 0.8602008 0.7662498 0.8662133 0.8384402 0.7842345 0.9392787 0.8849213 0.8556431 0.8738323 0.8765849 0.8597373 0.8898201 0.7184570 0.6453773 0.6690293 0.7604198 0.1166061 0.0918890 0.0000000 0.0821917 0.1296214 1.3324913 1.2156186 1.3098849 1.2477661 1.0243197 1.4811771 1.4971391 1.4101475 1.4172439 1.3891525 1.6552839 1.5150828 8.7016082 
HCoV_OC43                   0.7985557 0.6937001 0.7529742 0.6699486 0.8026018 0.7535940 0.9057585 0.8018650 0.8538845 0.8176108 0.7889948 0.8551604 0.8488821 0.9442805 0.8811186 0.8185803 0.7424037 0.9526099 0.8879116 0.8554439 0.8643764 0.9027942 0.8039879 0.8516041 0.8783028 0.8148824 1.0520578 0.8789127 0.8629289 0.8811955 0.7988187 0.7505517 0.7898936 0.8027108 0.7236702 0.7498760 0.8148371 0.0742760 0.1008419 0.0821917 0.0000000 0.1260977 1.2703551 1.1993063 1.3076623 1.2452705 1.0115980 1.4540544 1.4623657 1.3491067 1.3737559 1.3579510 1.5532904 1.5756030 8.3882650 
HCoV_HKU1                   0.8027849 0.7143654 0.7614850 0.6810749 0.8785399 0.7889898 0.9516577 0.8250092 0.8997035 0.8733456 0.8278807 0.8889638 0.8657987 1.0023296 0.9459222 0.8353737 0.8285637 1.0646474 0.9577738 0.9203554 1.0215361 0.9482055 0.8805312 0.9711493 0.9655281 0.8011294 1.1613339 0.9186141 0.9020805 0.9213798 0.8438574 0.8133961 0.8133822 0.8410629 0.8149775 0.7800144 0.9046855 0.1059297 0.0929254 0.1296214 0.1260977 0.0000000 1.3358384 1.3381814 1.4569935 1.3887734 1.0715749 1.6294630 1.6091144 1.4969540 1.5298857 1.4678497 1.6438238 1.6055982 8.9999980 
BcanCoV_CB17                1.2211152 1.1260152 1.1827202 1.2290823 1.2149360 1.2424229 1.1813589 1.1981298 1.1363174 1.0533162 1.1505456 0.9829564 0.9999253 0.9955970 1.1436565 1.1761025 1.2782378 1.0973168 1.0617148 1.0308171 1.0358063 1.1781284 1.2757769 1.0752981 1.3071700 1.1798158 1.0158700 1.0374211 1.0394520 1.0659770 1.0048820 1.0282886 0.9516353 0.8308031 0.8464377 0.9954431 0.9474787 1.2157713 1.3346620 1.3324913 1.2703551 1.3358384 0.0000000 0.3350482 0.2650916 0.2424775 0.6381759 1.3244590 1.3726794 1.2183971 1.3011080 1.1652610 1.4519847 1.5669621 7.3182867 
DuCoV_2714                  1.1671056 1.0408674 1.0715407 1.0735806 1.1486297 1.1582658 1.1882554 1.1176453 1.1106357 1.0808141 1.1654301 0.8647552 0.9384698 1.0789725 1.0503726 1.1283486 1.1851026 0.9730661 1.0085394 1.0538633 1.0801386 1.0818965 1.2160677 1.0060225 1.1856410 0.9518331 0.9536024 1.0321388 1.0425731 1.0922093 0.9346468 0.9742010 1.0003072 0.8934793 0.8690981 0.9639152 0.9557047 1.1147700 1.2570304 1.2156186 1.1993063 1.3381814 0.3350482 0.0000000 0.1720531 0.1525475 0.5803906 1.1879793 1.2160008 1.2037232 1.2128920 1.1308019 1.3948368 1.4117887 6.9265313 
ACoV_9203                   1.2087836 1.0799449 1.1501903 1.1783268 1.2178262 1.2467284 1.2024151 1.2218051 1.2165838 1.0963742 1.2175844 0.9734490 0.9676912 1.0291585 1.0889984 1.1438972 1.2928043 1.0024592 1.1284350 1.1344770 1.0631026 1.1019451 1.2413365 1.0752514 1.2329620 1.1378098 0.9824357 0.9578145 0.9633480 1.0083260 0.9525445 0.9929326 0.9561437 0.8432437 0.8713203 0.9737949 0.9709220 1.2163772 1.3631095 1.3098849 1.3076623 1.4569935 0.2650916 0.1720531 0.0000000 0.0159640 0.5761426 1.3723092 1.4270175 1.3333165 1.3606047 1.2744998 1.6970947 1.5746485 7.1687912 
IBV                         1.1515787 1.0286503 1.0957218 1.1225471 1.1606006 1.1884713 1.1518791 1.1635176 1.1601240 1.0437796 1.1610153 0.9274623 0.9210040 0.9798508 1.0372861 1.0903439 1.2331441 0.9539004 1.0751830 1.0805905 1.0125756 1.0499729 1.1837320 1.0236992 1.1734975 1.0830966 0.9397187 0.9118519 0.9172568 0.9606989 0.9053352 0.9446162 0.9091488 0.8009618 0.8285024 0.9270533 0.9243530 1.1580943 1.2985864 1.2477661 1.2452705 1.3887734 0.2424775 0.1525475 0.0159640 0.0000000 0.5429243 1.3058834 1.3586466 1.2696168 1.2951639 1.2141703 1.6133448 1.4981575 7.0548228 
BWCoV                       1.3256867 1.2594289 1.3356330 1.3624468 1.2970888 1.3523570 1.4479192 1.3341963 1.2829609 0.9959376 0.9861461 1.1407149 1.1309365 1.0867091 1.1056912 1.2191399 1.4115951 1.2254133 1.1785074 1.1781356 1.1305478 1.1959636 1.2825437 0.9904269 1.1972949 1.0752391 1.0280141 0.9631384 0.9687458 0.9626677 0.7529807 0.8224658 0.8044423 0.7174654 0.6696320 0.7175917 0.8073126 1.0111027 1.0250789 1.0243197 1.0115980 1.0715749 0.6381759 0.5803906 0.5761426 0.5429243 0.0000000 1.3431204 1.4103073 1.3044176 1.3424665 1.2171790 1.6016250 1.5407069 7.2757526 
CMCoV_HKU21                 1.7612222 1.8741678 1.6975654 1.8542430 1.6136797 1.5866440 1.6814285 1.4135641 1.7597329 1.5274306 1.4435926 1.4509699 1.4916150 1.6001765 1.6125529 1.4941564 1.7543943 1.4553481 1.5190999 1.6264501 1.5341174 1.7458534 1.6230489 1.6439259 1.4928071 1.7291944 1.7080874 1.7677928 1.7778875 1.8177117 1.6267872 1.8856932 1.7383774 1.3184258 1.2507268 1.3301690 1.2180699 1.5168103 1.5434829 1.4811771 1.4540544 1.6294630 1.3244590 1.1879793 1.3723092 1.3058834 1.3431204 0.0000000 0.1179765 0.1639744 0.1729744 0.2179754 0.3452609 0.4943963 7.0643163 
BulCV_HKU11                 1.7725671 1.8515924 1.7552366 1.8325421 1.6569911 1.6401575 1.7569014 1.4591434 1.8505955 1.5778164 1.4916428 1.5144618 1.5158915 1.6456335 1.6372017 1.5647001 1.8494880 1.5520044 1.5347898 1.5899258 1.6590895 1.8100238 1.7271390 1.6614253 1.6279930 1.7633169 1.7683267 1.6683981 1.6778860 1.7146209 1.7088801 1.7939508 1.7188250 1.4313557 1.3706699 1.4617806 1.3383444 1.4992096 1.5252983 1.4971391 1.4623657 1.6091144 1.3726794 1.2160008 1.4270175 1.3586466 1.4103073 0.1179765 0.0000000 0.0672747 0.1008230 0.1441749 0.4089977 0.4869162 7.1735353 
WECoV_HKU16                 1.6607121 1.7466864 1.6566655 1.7243029 1.5651121 1.5480992 1.6572444 1.3709538 1.7314633 1.4885664 1.4085613 1.4302044 1.4333655 1.5480767 1.5474317 1.4775174 1.7243216 1.3807756 1.3838323 1.4589450 1.4858879 1.7171578 1.5825523 1.5504702 1.5209766 1.6610334 1.6085187 1.5789431 1.5789572 1.6127753 1.5035855 1.6126170 1.5832697 1.3361351 1.2806627 1.3640453 1.2487716 1.3941883 1.4189866 1.4101475 1.3491067 1.4969540 1.2183971 1.2037232 1.3333165 1.2696168 1.3044176 0.1639744 0.0672747 0.0000000 0.1181352 0.1431028 0.4098443 0.4888791 7.0690083 
PoCoV_HKU15                 1.7337833 1.8345023 1.6859836 1.7836412 1.6006884 1.5758648 1.6962011 1.4112869 1.7911687 1.5167236 1.4359555 1.4831571 1.4227723 1.5486163 1.5614010 1.5003871 1.7660989 1.4682609 1.4686593 1.4963320 1.5749852 1.6700438 1.5933467 1.5729492 1.5532795 1.6832091 1.6282476 1.5549351 1.5550269 1.5888350 1.5279110 1.5744356 1.5224461 1.2880720 1.2476361 1.3232857 1.2097196 1.4300196 1.4434844 1.4172439 1.3737559 1.5298857 1.3011080 1.2128920 1.3606047 1.2951639 1.3424665 0.1729744 0.1008230 0.1181352 0.0000000 0.1173415 0.4262290 0.4992833 6.4014072 
MunCV_HKU13                 1.7928008 1.7813729 1.6232798 1.6886176 1.6202226 1.6382554 1.8158994 1.5265728 1.9124729 1.5222845 1.4402570 1.5372021 1.4428071 1.5011732 1.5646968 1.5674050 1.8556650 1.4858879 1.4648828 1.5857646 1.5677168 1.7325375 1.6748498 1.5011060 1.5727276 1.6145686 1.6159849 1.5534913 1.5535865 1.5869714 1.5254374 1.5380848 1.5463116 1.2773132 1.2037654 1.3053512 1.1593759 1.3929214 1.3923841 1.3891525 1.3579510 1.4678497 1.1652610 1.1308019 1.2744998 1.2141703 1.2171790 0.2179754 0.1441749 0.1431028 0.1173415 0.0000000 0.4652263 0.4756003 6.9359818 
NHCoV_HKU19                 1.6898400 1.8595170 1.5724165 1.6804314 1.5676014 1.5480412 1.6572161 1.3752563 1.6267691 1.4332050 1.3234101 1.4385600 1.4650586 1.3642467 1.4657922 1.5114464 1.6650465 1.4975512 1.4351843 1.4993359 1.5201046 1.7281811 1.5830096 1.7161571 1.4718116 1.7386050 1.6728051 1.8297659 1.8402317 1.8821307 1.7229470 1.9640428 1.8072997 1.5127818 1.4282840 1.4599878 1.3811766 1.6762197 1.6452158 1.6552839 1.5532904 1.6438238 1.4519847 1.3948368 1.6970947 1.6133448 1.6016250 0.3452609 0.4089977 0.4098443 0.4262290 0.4652263 0.0000000 0.5182897 8.9999990 
WiCoV_HKU20                 1.6012487 1.6828544 1.5497036 1.5485933 1.5818077 1.6472703 1.7410406 1.4387184 1.7386039 1.4362876 1.4748485 1.3669758 1.4260613 1.3685272 1.4371549 1.5304800 1.7176580 1.6760728 1.3132517 1.4705987 1.5323730 1.6444656 1.5307273 1.5600744 1.4940401 1.6151884 1.7362304 1.7976108 1.8242047 1.8576202 1.6802130 1.8840033 1.7819707 1.4466006 1.3556961 1.3438384 1.3095875 1.6573178 1.6299307 1.5150828 1.5756030 1.6055982 1.5669621 1.4117887 1.5746485 1.4981575 1.5407069 0.4943963 0.4869162 0.4888791 0.4992833 0.4756003 0.5182897 0.0000000 8.9999987 
PsNV                        5.7913810 6.8404811 6.8403273 6.6111408 7.1051141 7.3980625 7.8024886 6.8687858 7.7090322 6.7648106 7.1871859 6.1538196 5.6897528 6.9685251 7.1579836 7.0403360 7.9488912 6.4425242 7.0638143 6.9672228 7.9516125 7.9368622 7.6893295 8.1955008 7.4527280 7.3929472 7.5667541 6.0459130 5.9795817 5.9365282 6.4739763 6.5756939 6.4802209 7.1576003 7.0892556 7.1538059 7.1049907 8.9999983 8.9999987 8.7016082 8.3882650 8.9999980 7.3182867 6.9265313 7.1687912 7.0548228 7.2757526 7.0643163 7.1735353 7.0690083 6.4014072 6.9359818 8.9999990 8.9999987 0.0000000 
