54
ACoV-WA1087                 0.0000000 0.2565019 0.2149220 0.2566197 0.3433301 0.3195660 0.2961373 0.3256227 0.3253955 0.3866533 0.4115432 0.3081771 0.3157241 0.3251792 0.3696079 0.2587669 0.3439333 0.3926632 0.4651811 0.3305197 0.4765646 0.4244413 0.4126698 0.5784544 0.5060066 0.7103278 0.9183863 0.9660287 0.9500121 0.9636851 1.0260002 1.0564054 1.0586944 1.0989326 1.1212652 1.0099567 1.0604219 0.7976794 0.7787971 0.7683668 0.7993441 0.8115948 1.2485101 1.1722228 1.2077100 1.1545625 1.3133829 1.7861567 1.7962165 1.7051518 1.7529984 1.8027123 1.6785759 1.6142801 
BtCoV/020_16/M.dau/FIN/2016 0.2565019 0.0000000 0.2016062 0.2088484 0.3325303 0.3409703 0.3199734 0.3188245 0.2791887 0.3620166 0.4080119 0.3287997 0.3504343 0.3617989 0.3650234 0.2987849 0.3297529 0.4190662 0.4255478 0.4158176 0.4481763 0.4158114 0.3947244 0.6055675 0.5279718 0.7019302 0.8708821 0.9295106 0.9134616 0.9268517 0.9413188 0.9719149 0.9249071 0.9204444 0.9251838 0.9434576 0.9339255 0.7289981 0.6967774 0.7097297 0.6937717 0.7213451 1.1699198 1.0575841 1.1023584 1.0518158 1.2632663 1.8804179 1.8491034 1.7551554 1.8329972 1.7783027 1.8016952 1.6823174 
PEDV                        0.2149220 0.2016062 0.0000000 0.1065221 0.2548398 0.2164573 0.2265106 0.1917937 0.2136309 0.2439331 0.2857674 0.2405060 0.2535693 0.2753043 0.3001722 0.2252425 0.2224869 0.2937430 0.3229923 0.3349821 0.4077352 0.3909910 0.3706158 0.5315868 0.5087742 0.7166338 0.8741051 0.9183601 0.9020983 0.9155728 1.0392871 1.0549906 1.0820732 1.0552192 1.0949016 0.9139731 1.0263721 0.7753128 0.7281921 0.7656972 0.7546261 0.7698799 1.2150127 1.0858925 1.1618643 1.1096477 1.3552921 1.7449772 1.8037833 1.7086534 1.7214474 1.6874700 1.5812509 1.6191351 
Sc-BatCoV_512               0.2566197 0.2088484 0.1065221 0.0000000 0.2973808 0.2837562 0.3133803 0.2516753 0.2335242 0.3283048 0.3705849 0.2974064 0.2636362 0.3169288 0.3355342 0.3170449 0.2429240 0.3507450 0.3736575 0.3586940 0.4244919 0.4949606 0.4524819 0.5831926 0.4960474 0.7140152 0.8623150 0.8698539 0.8541051 0.8667795 0.9589697 0.9699567 0.9836176 0.9951808 0.9633985 0.8923467 0.9378765 0.6998920 0.6422662 0.6779851 0.6728356 0.6895981 1.2640504 1.0973545 1.1935116 1.1399772 1.3765582 1.9099000 1.8765105 1.7719962 1.8329067 1.7645526 1.6854328 1.5987947 
ACoV-WA3607                 0.3433301 0.3325303 0.2548398 0.2973808 0.0000000 0.1444431 0.1886152 0.2019857 0.2703271 0.2545687 0.2449745 0.2393088 0.2912859 0.2716950 0.2611517 0.2215655 0.2723973 0.3229526 0.3150286 0.3614742 0.3537841 0.4088340 0.3944983 0.5531900 0.6042410 0.8992064 0.9030765 0.9587995 0.9660962 0.9806149 0.9698311 0.9556507 0.9935011 0.8511860 0.8830480 0.8377374 0.8752454 0.8242563 0.8042315 0.8101756 0.8024073 0.8843215 1.2471818 1.1796483 1.2433389 1.1875691 1.3011427 1.6358211 1.6764329 1.5901474 1.6121223 1.6370693 1.5600928 1.6323387 
BtRf-AlphaCoV               0.3195660 0.3409703 0.2164573 0.2837562 0.1444431 0.0000000 0.1237173 0.1497332 0.1987647 0.2581683 0.2489006 0.2951706 0.2673381 0.2810259 0.2346146 0.3049614 0.2718697 0.3165914 0.3170831 0.2845868 0.3805692 0.4642696 0.4115989 0.5350254 0.5927283 0.8173324 0.9499503 1.0517658 1.0069793 1.0219214 1.0503139 1.0611275 1.0625041 0.9713559 0.9556456 0.8391789 1.0158105 0.7687627 0.7221152 0.7592162 0.7528264 0.7937351 1.2752003 1.1829695 1.2731008 1.2164250 1.3605905 1.6142617 1.6689490 1.5810578 1.5939625 1.6352728 1.5337997 1.6772433 
HipPBCoV-CHB25              0.2961373 0.3199734 0.2265106 0.3133803 0.1886152 0.1237173 0.0000000 0.1399489 0.2354243 0.3064628 0.3443170 0.2996694 0.3565987 0.3651352 0.3203191 0.2330988 0.2960359 0.3314754 0.3453037 0.3039420 0.4355683 0.4105204 0.3609371 0.5554405 0.5778577 0.7965497 0.9228602 1.0605652 1.0166328 1.0313189 1.0818038 1.0927587 1.0949384 1.0595305 1.0967534 0.9636385 1.1140768 0.9074848 0.8867773 0.9113639 0.9007254 0.9556464 1.2037155 1.1932325 1.2144626 1.1599103 1.4490034 1.6942667 1.7547293 1.6640701 1.6871930 1.7920680 1.6114852 1.7314970 
BtCoV_HKU10                 0.3256227 0.3188245 0.1917937 0.2516753 0.2019857 0.1497332 0.1399489 0.0000000 0.2475125 0.2209783 0.2564813 0.3190813 0.3214512 0.3060045 0.3087252 0.2542594 0.2801527 0.3405368 0.2557541 0.2677029 0.4050056 0.5159883 0.4561165 0.5331772 0.5373670 0.7875532 0.8942850 0.9540977 0.9379006 0.9516237 1.0540544 1.0973162 1.0930062 1.0084369 1.0169395 0.8399027 0.9061712 0.7937447 0.7744330 0.8094159 0.7974497 0.8253603 1.2261219 1.1340319 1.2320232 1.1764148 1.3440576 1.4581547 1.5042895 1.4144805 1.4490560 1.5521232 1.3725340 1.4797627 
BtMr-AlphaCoV               0.3253955 0.2791887 0.2136309 0.2335242 0.2703271 0.1987647 0.2354243 0.2475125 0.0000000 0.2451303 0.2532005 0.3268662 0.3310660 0.3503373 0.3447618 0.2940248 0.2413598 0.3082865 0.3448597 0.3355458 0.3493688 0.4465972 0.4199437 0.5386737 0.6054356 0.8994841 0.9018181 0.9936741 0.9512272 0.9652378 1.0807752 1.1431350 1.1268067 1.0084117 1.0255468 0.9237383 1.1021882 0.9009476 0.8619041 0.8974886 0.8504924 0.9042545 1.1534626 1.1223552 1.2240791 1.1710002 1.2700547 1.8105014 1.9167618 1.7931557 1.8440903 1.9548778 1.6282461 1.7692201 
Mi-BatCoV_1A                0.3866533 0.3620166 0.2439331 0.3283048 0.2545687 0.2581683 0.3064628 0.2209783 0.2451303 0.0000000 0.1218529 0.2969293 0.2935026 0.2854203 0.2347659 0.2459077 0.2828324 0.3699041 0.3268220 0.3490268 0.3589371 0.4539460 0.3992263 0.4867674 0.6695619 0.8772763 0.8391867 0.8245998 0.8310635 0.8438760 1.0275241 1.0960931 1.0414511 0.8816515 0.8889537 0.7979314 0.8930405 0.8444243 0.8266174 0.7977931 0.8143003 0.8716529 1.0810216 1.0950570 1.1234271 1.0712428 1.0081250 1.5511017 1.6011776 1.5151221 1.5305665 1.5357527 1.4339579 1.4758981 
Mi-BatCoV_HKU8              0.4115432 0.4080119 0.2857674 0.3705849 0.2449745 0.2489006 0.3443170 0.2564813 0.2532005 0.1218529 0.0000000 0.3120087 0.3319490 0.3301949 0.3038534 0.3193350 0.3023075 0.3721093 0.3662357 0.3769643 0.3801205 0.4843667 0.5029145 0.5103558 0.6703738 0.8906522 0.9243296 0.8791813 0.8857774 0.8988665 1.0227496 1.0715926 1.0435848 0.9345494 0.8966038 0.7993278 0.9727375 0.7864888 0.7649733 0.7536635 0.7778354 0.8206327 1.1648022 1.1785552 1.2465803 1.1912978 0.9935490 1.4612700 1.5084143 1.4287109 1.4453472 1.4502311 1.3234253 1.5014337 
ACoV-WA2028                 0.3081771 0.3287997 0.2405060 0.2974064 0.2393088 0.2951706 0.2996694 0.3190813 0.3268662 0.2969293 0.3120087 0.0000000 0.2126136 0.2446872 0.2643980 0.2744627 0.2895180 0.3146614 0.2997861 0.3052149 0.3578402 0.4210399 0.3682246 0.4771840 0.5582196 0.7683678 0.7831561 0.9045944 0.9112671 0.9245174 0.9598943 1.0160787 1.0171781 0.9620266 0.9631573 0.9104242 1.0155995 0.8466478 0.8575228 0.8539090 0.8556171 0.9021504 0.9939180 0.8726614 0.9789044 0.9348356 1.1513670 1.4594696 1.5255565 1.4464475 1.4805051 1.5463843 1.4309098 1.4043858 
BtNv-AlphaCoV               0.3157241 0.3504343 0.2535693 0.2636362 0.2912859 0.2673381 0.3565987 0.3214512 0.3310660 0.2935026 0.3319490 0.2126136 0.0000000 0.1906490 0.1953009 0.3256154 0.3395235 0.3017069 0.3537589 0.2925443 0.4105276 0.4618166 0.4303875 0.4475549 0.5291077 0.8162275 0.8647878 0.8785858 0.8850405 0.8978470 0.8961683 0.9273401 0.9223409 0.9141642 0.9255159 0.8288240 0.9521329 0.8769914 0.8173514 0.8537617 0.8519185 0.8792077 1.0216553 0.9633364 0.9812354 0.9354581 1.1363110 1.5119013 1.5379513 1.4582827 1.4398642 1.4641495 1.4782102 1.4842620 
TyBCoV-HKU33                0.3251792 0.3617989 0.2753043 0.3169288 0.2716950 0.2810259 0.3651352 0.3060045 0.3503373 0.2854203 0.3301949 0.2446872 0.1906490 0.0000000 0.2082478 0.3433928 0.3731689 0.4152445 0.3264312 0.3411443 0.4273437 0.4822635 0.4145983 0.5341010 0.6886671 0.8659963 0.8297204 0.9624786 0.9687455 0.9830193 1.0343377 1.0589271 1.0186970 0.9211379 0.8947712 0.8346557 0.8847952 0.9425154 0.8791085 0.9437636 0.9440585 1.0083062 1.0197146 1.0866518 1.0454747 0.9971734 1.1097340 1.6203687 1.6748492 1.5805169 1.5547442 1.5076616 1.3601549 1.4103298 
PK-BatCoV                   0.3696079 0.3650234 0.3001722 0.3355342 0.2611517 0.2346146 0.3203191 0.3087252 0.3447618 0.2347659 0.3038534 0.2643980 0.1953009 0.2082478 0.0000000 0.3297185 0.2830214 0.3680497 0.3246011 0.3377859 0.4421672 0.4726972 0.3574150 0.5264996 0.6785730 0.8347182 0.9326724 0.8953404 0.9021726 0.9157392 1.0346773 1.0391389 1.0447681 1.0156716 0.9697839 0.9156227 0.9559216 0.8837258 0.8921120 0.8812188 0.8825075 0.9564731 1.1783479 1.0732350 1.1160707 1.0647053 1.1307393 1.6328874 1.6618375 1.5763340 1.5699560 1.5726415 1.4609642 1.4698148 
Rh-BatCoV_HKU2              0.2587669 0.2987849 0.2252425 0.3170449 0.2215655 0.3049614 0.2330988 0.2542594 0.2940248 0.2459077 0.3193350 0.2744627 0.3256154 0.3433928 0.3297185 0.0000000 0.2871306 0.3071599 0.2701089 0.3615490 0.3131813 0.3649751 0.2828605 0.5440352 0.5846018 0.8702571 0.8788302 0.8702262 0.8768599 0.8900179 0.9044300 0.9521242 0.9296772 0.9291998 1.0195184 0.9317070 1.0056356 0.8374857 0.8165644 0.8176878 0.8099813 0.8368612 1.2240489 1.1541127 1.1707495 1.1180785 1.2357944 1.5376858 1.5990468 1.5148330 1.5253164 1.6091959 1.5273941 1.5977880 
BtCoV_CDPHE15               0.3439333 0.3297529 0.2224869 0.2429240 0.2723973 0.2718697 0.2960359 0.2801527 0.2413598 0.2828324 0.3023075 0.2895180 0.3395235 0.3731689 0.2830214 0.2871306 0.0000000 0.3182882 0.3341067 0.3479350 0.3954140 0.5148492 0.3601789 0.5924581 0.6164247 0.8072521 0.9897104 1.0522718 1.0598133 1.0754535 1.0917941 1.1641916 1.1038398 1.1520065 1.1335619 0.9948910 1.1263811 0.8071024 0.8203041 0.8031879 0.7513752 0.8484018 1.3184923 1.2025123 1.3128006 1.2562280 1.4050455 1.7758099 1.8845530 1.7575466 1.7854611 1.8979401 1.6433052 1.7285266 
BtCoV-AMA-L-F               0.3926632 0.4190662 0.2937430 0.3507450 0.3229526 0.3165914 0.3314754 0.3405368 0.3082865 0.3699041 0.3721093 0.3146614 0.3017069 0.4152445 0.3680497 0.3071599 0.3182882 0.0000000 0.3516552 0.4035338 0.4281070 0.4567532 0.4169024 0.5511075 0.5462024 0.8735742 0.8250232 0.8730597 0.8800276 0.8938525 0.8344010 0.8906930 0.8648300 0.9847532 1.0394256 0.8962771 1.0198188 1.0114127 1.0130189 1.0395636 0.9584722 1.0867255 1.1111452 0.9943705 1.0117624 0.9647675 1.2392318 1.4925063 1.6041804 1.4191494 1.5015669 1.5382816 1.5053117 1.7382619 
BtKYNL63_APD51481.1         0.4651811 0.4255478 0.3229923 0.3736575 0.3150286 0.3170831 0.3453037 0.2557541 0.3448597 0.3268220 0.3662357 0.2997861 0.3537589 0.3264312 0.3246011 0.2701089 0.3341067 0.3516552 0.0000000 0.2468106 0.2643962 0.5201039 0.4209447 0.5167866 0.6067927 0.8887722 0.8686018 0.9813864 0.9879897 1.0027094 0.9706957 1.0213824 0.9800545 1.0826021 1.0509997 0.9458964 1.0804198 0.8793720 0.9059227 0.9281605 0.8842545 0.9699453 1.0934723 1.0356471 1.1534305 1.1011259 1.1969720 1.5650911 1.5803994 1.4245437 1.5011629 1.5115386 1.4407634 1.3576703 
HCoV_NL63                   0.3305197 0.4158176 0.3349821 0.3586940 0.3614742 0.2845868 0.3039420 0.2677029 0.3355458 0.3490268 0.3769643 0.3052149 0.2925443 0.3411443 0.3377859 0.3615490 0.3479350 0.4035338 0.2468106 0.0000000 0.3576743 0.5358299 0.4978776 0.5087374 0.5776033 0.8792341 0.8749894 0.9417712 0.9485923 0.9621564 0.9269705 0.9886926 1.0045509 1.0728168 1.0393983 0.8189313 1.0828317 0.8316605 0.8532138 0.8711030 0.8546156 0.9271796 1.0472597 1.0737764 1.1434777 1.0920805 1.1716571 1.6333291 1.6189055 1.4810457 1.5091355 1.5690945 1.4883203 1.5065061 
HCoV_229E                   0.4765646 0.4481763 0.4077352 0.4244919 0.3537841 0.3805692 0.4355683 0.4050056 0.3493688 0.3589371 0.3801205 0.3578402 0.4105276 0.4273437 0.4421672 0.3131813 0.3954140 0.4281070 0.2643962 0.3576743 0.0000000 0.5610214 0.4941550 0.4938203 0.6248527 0.9953051 0.9014009 0.9445234 0.9504231 0.9641542 1.0313176 1.0671199 0.9732149 0.9834920 0.9379427 0.9239200 1.0550932 0.9162137 0.9260390 0.9290253 0.8583257 1.0233035 1.0736346 1.1047058 1.0924221 1.0417784 1.1369260 1.5368107 1.6640185 1.4898532 1.5660072 1.5725079 1.5158242 1.5725079 
MCoV                        0.4244413 0.4158114 0.3909910 0.4949606 0.4088340 0.4642696 0.4105204 0.5159883 0.4465972 0.4539460 0.4843667 0.4210399 0.4618166 0.4822635 0.4726972 0.3649751 0.5148492 0.4567532 0.5201039 0.5358299 0.5610214 0.0000000 0.2324211 0.5782297 0.6977072 0.6558461 0.9193975 1.0818930 1.1260409 1.1421085 1.1184168 1.1063917 1.1653355 1.0065245 1.0308100 1.0787157 1.0878292 0.9499380 0.8486007 0.8613786 0.8957355 0.9508879 1.1989805 1.1067918 1.1133512 1.0634580 1.2020593 1.7341257 1.7983121 1.7018776 1.6288413 1.7075771 1.6700220 1.6342629 
TGEV                        0.4126698 0.3947244 0.3706158 0.4524819 0.3944983 0.4115989 0.3609371 0.4561165 0.4199437 0.3992263 0.5029145 0.3682246 0.4303875 0.4145983 0.3574150 0.2828605 0.3601789 0.4169024 0.4209447 0.4978776 0.4941550 0.2324211 0.0000000 0.5378563 0.6227231 0.7917391 0.9015031 0.9785642 0.9850535 0.9995608 0.9267884 1.0240068 0.9830437 0.9982024 1.0298737 1.0251370 1.0832064 0.8631040 0.7715386 0.7724204 0.8050622 0.8851946 1.3228404 1.2541485 1.2718254 1.2157303 1.2856166 1.6451900 1.7435513 1.6068637 1.5943872 1.7020661 1.5587431 1.5542919 
Sm-CoV_X74                  0.5784544 0.6055675 0.5315868 0.5831926 0.5531900 0.5350254 0.5554405 0.5331772 0.5386737 0.4867674 0.5103558 0.4771840 0.4475549 0.5341010 0.5264996 0.5440352 0.5924581 0.5511075 0.5167866 0.5087374 0.4938203 0.5782297 0.5378563 0.0000000 0.6479169 0.7807268 0.9217389 0.9116085 0.9181196 0.9310452 1.0102769 0.9700325 1.0518611 0.8991281 0.8713195 0.7369737 0.8858611 0.8555254 0.8822549 0.8728708 0.8589372 0.9787749 1.0928192 1.0093098 1.0742137 1.0257144 1.0054711 1.6544232 1.6722324 1.5810624 1.5704678 1.5044108 1.6748671 1.5771206 
LRNV                        0.5060066 0.5279718 0.5087742 0.4960474 0.6042410 0.5927283 0.5778577 0.5373670 0.6054356 0.6695619 0.6703738 0.5582196 0.5291077 0.6886671 0.6785730 0.5846018 0.6164247 0.5462024 0.6067927 0.5776033 0.6248527 0.6977072 0.6227231 0.6479169 0.0000000 0.8570508 0.9656472 1.0947958 1.0777273 1.0935836 1.0688976 1.1166128 1.1398591 1.1119863 1.1042272 1.0707292 1.1110251 0.9211589 0.9121411 0.8416026 0.8786625 0.9721972 1.3477030 1.2140706 1.2440427 1.1875779 1.1855219 1.5051528 1.6598957 1.5529023 1.5888699 1.5903967 1.4430244 1.5252733 
Sa-CoV_T14                  0.7103278 0.7019302 0.7166338 0.7140152 0.8992064 0.8173324 0.7965497 0.7875532 0.8994841 0.8772763 0.8906522 0.7683678 0.8162275 0.8659963 0.8347182 0.8702571 0.8072521 0.8735742 0.8887722 0.8792341 0.9953051 0.6558461 0.7917391 0.7807268 0.8570508 0.0000000 0.8947333 1.0313810 1.0146570 1.0295505 0.9204357 0.8726834 0.9376219 1.0786211 1.0324505 1.0332364 1.0955463 0.8162285 0.7671522 0.7944490 0.8247127 0.8109733 1.2160038 0.9765115 1.1646949 1.1107609 1.1004692 1.7089383 1.7349579 1.6440724 1.6400922 1.6036037 1.6604662 1.5868632 
Bat_Hp-BetaCoV              0.9183863 0.8708821 0.8741051 0.8623150 0.9030765 0.9499503 0.9228602 0.8942850 0.9018181 0.8391867 0.9243296 0.7831561 0.8647878 0.8297204 0.9326724 0.8788302 0.9897104 0.8250232 0.8686018 0.8749894 0.9014009 0.9193975 0.9015031 0.9217389 0.9656472 0.8947333 0.0000000 0.4810579 0.4847171 0.4868127 0.7622780 0.7550662 0.7075549 0.7532584 0.6188188 0.7248747 0.6078720 1.0419722 1.0545176 0.9427929 1.0546752 1.1696436 1.0307525 0.9589950 0.9949453 0.9495057 1.0258854 1.7122984 1.7910863 1.6408514 1.6330201 1.6378904 1.6459055 1.7682417 
SARSr-CoV                   0.9660287 0.9295106 0.9183601 0.8698539 0.9587995 1.0517658 1.0605652 0.9540977 0.9936741 0.8245998 0.8791813 0.9045944 0.8785858 0.9624786 0.8953404 0.8702262 1.0522718 0.8730597 0.9813864 0.9417712 0.9445234 1.0818930 0.9785642 0.9116085 1.0947958 1.0313810 0.4810579 0.0000000 0.0238730 0.0402955 0.5163675 0.5163841 0.4920205 0.6737599 0.7552553 0.7603342 0.7261833 0.8295493 0.8633455 0.8847973 0.8790320 0.9210480 1.0576364 1.0607991 0.9882187 0.9413955 0.9783445 1.7920316 1.6964497 1.6079438 1.5690171 1.5696675 1.7898025 1.8083375 
SARS-CoV                    0.9500121 0.9134616 0.9020983 0.8541051 0.9660962 1.0069793 1.0166328 0.9379006 0.9512272 0.8310635 0.8857774 0.9112671 0.8850405 0.9687455 0.9021726 0.8768599 1.0598133 0.8800276 0.9879897 0.9485923 0.9504231 1.1260409 0.9850535 0.9181196 1.0777273 1.0146570 0.4847171 0.0238730 0.0000000 0.0157635 0.5207208 0.5208188 0.4923644 0.6792712 0.7588832 0.7661625 0.7369796 0.8139460 0.8477044 0.8588622 0.8634123 0.9048211 1.0654128 1.0684531 0.9957496 0.9486397 0.9857122 1.8042951 1.7076304 1.6221540 1.5827504 1.5831397 1.8016214 1.8622326 
SARS-CoV-2                  0.9636851 0.9268517 0.9155728 0.8667795 0.9806149 1.0219214 1.0313189 0.9516237 0.9652378 0.8438760 0.8988665 0.9245174 0.8978470 0.9830193 0.9157392 0.8900179 1.0754535 0.8938525 1.0027094 0.9621564 0.9641542 1.1421085 0.9995608 0.9310452 1.0935836 1.0295505 0.4868127 0.0402955 0.0157635 0.0000000 0.5508109 0.5514705 0.5225608 0.6969661 0.7819713 0.7864764 0.7412566 0.8309791 0.8651024 0.8764684 0.8809408 0.9234739 1.0929524 1.1183835 1.0422382 0.9938176 0.9792450 1.8418675 1.7425671 1.6551029 1.6153051 1.6150603 1.8378301 1.8917278 
Ei-BatCoV_C704              1.0260002 0.9413188 1.0392871 0.9589697 0.9698311 1.0503139 1.0818038 1.0540544 1.0807752 1.0275241 1.0227496 0.9598943 0.8961683 1.0343377 1.0346773 0.9044300 1.0917941 0.8344010 0.9706957 0.9269705 1.0313176 1.1184168 0.9267884 1.0102769 1.0688976 0.9204357 0.7622780 0.5163675 0.5207208 0.5508109 0.0000000 0.1637269 0.1309827 0.5924279 0.6608719 0.6470958 0.7406751 0.8225392 0.8264702 0.8748121 0.7986915 0.8491468 1.0112585 0.9513730 0.9628911 0.9169895 0.7602653 1.6224605 1.7166980 1.5069145 1.5235904 1.5560441 1.6762440 1.7297408 
Ro-BatCoV_GCCDC1            1.0564054 0.9719149 1.0549906 0.9699567 0.9556507 1.0611275 1.0927587 1.0973162 1.1431350 1.0960931 1.0715926 1.0160787 0.9273401 1.0589271 1.0391389 0.9521242 1.1641916 0.8906930 1.0213824 0.9886926 1.0671199 1.1063917 1.0240068 0.9700325 1.1166128 0.8726834 0.7550662 0.5163841 0.5208188 0.5514705 0.1637269 0.0000000 0.1129165 0.6249941 0.6778462 0.7027567 0.6972097 0.7458839 0.7617579 0.8590301 0.7543512 0.8168182 1.0383850 0.9989068 1.0109429 0.9633733 0.8347872 1.8837960 1.8018190 1.6352293 1.5782725 1.5853833 1.8980866 1.8925364 
Ro-BatCoV_HKU9              1.0586944 0.9249071 1.0820732 0.9836176 0.9935011 1.0625041 1.0949384 1.0930062 1.1268067 1.0414511 1.0435848 1.0171781 0.9223409 1.0186970 1.0447681 0.9296772 1.1038398 0.8648300 0.9800545 1.0045509 0.9732149 1.1653355 0.9830437 1.0518611 1.1398591 0.9376219 0.7075549 0.4920205 0.4923644 0.5225608 0.1309827 0.1129165 0.0000000 0.5581589 0.5989366 0.6598794 0.6835502 0.8130057 0.8250783 0.8919321 0.7941110 0.8247226 0.9746763 1.0308777 0.9793526 0.9322815 0.8102612 1.7373537 1.7333456 1.6021391 1.5174083 1.5687038 1.7715937 1.8125166 
EriCoV                      1.0989326 0.9204444 1.0552192 0.9951808 0.8511860 0.9713559 1.0595305 1.0084369 1.0084117 0.8816515 0.9345494 0.9620266 0.9141642 0.9211379 1.0156716 0.9291998 1.1520065 0.9847532 1.0826021 1.0728168 0.9834920 1.0065245 0.9982024 0.8991281 1.1119863 1.0786211 0.7532584 0.6737599 0.6792712 0.6969661 0.5924279 0.6249941 0.5581589 0.0000000 0.1057782 0.2154778 0.2297170 0.8278185 0.7981839 0.7211533 0.7998843 0.8329301 0.8367020 0.9166591 0.8574148 0.8153293 0.7191183 1.3175515 1.4356085 1.3422412 1.2774955 1.2762828 1.4645938 1.4650423 
MERS-CoV                    1.1212652 0.9251838 1.0949016 0.9633985 0.8830480 0.9556456 1.0967534 1.0169395 1.0255468 0.8889537 0.8966038 0.9631573 0.9255159 0.8947712 0.9697839 1.0195184 1.1335619 1.0394256 1.0509997 1.0393983 0.9379427 1.0308100 1.0298737 0.8713195 1.1042272 1.0324505 0.6188188 0.7552553 0.7588832 0.7819713 0.6608719 0.6778462 0.5989366 0.1057782 0.0000000 0.1588744 0.2102055 0.7756388 0.7481367 0.6464555 0.7204377 0.8067799 0.8549329 0.8813453 0.8854871 0.8430894 0.6699024 1.2388199 1.3630818 1.2765354 1.2224614 1.1906857 1.3677455 1.3623915 
Pi-BatCoV_HKU5              1.0099567 0.9434576 0.9139731 0.8923467 0.8377374 0.8391789 0.9636385 0.8399027 0.9237383 0.7979314 0.7993278 0.9104242 0.8288240 0.8346557 0.9156227 0.9317070 0.9948910 0.8962771 0.9458964 0.8189313 0.9239200 1.0787157 1.0251370 0.7369737 1.0707292 1.0332364 0.7248747 0.7603342 0.7661625 0.7864764 0.6470958 0.7027567 0.6598794 0.2154778 0.1588744 0.0000000 0.3117002 0.7677945 0.7417690 0.6737879 0.7508174 0.7774899 0.9985202 0.9769860 0.9854426 0.9400456 0.7206587 1.3164057 1.4540709 1.3599682 1.2946653 1.2830497 1.4063877 1.3536730 
Ty-BatCoV-HKU4              1.0604219 0.9339255 1.0263721 0.9378765 0.8752454 1.0158105 1.1140768 0.9061712 1.1021882 0.8930405 0.9727375 1.0155995 0.9521329 0.8847952 0.9559216 1.0056356 1.1263811 1.0198188 1.0804198 1.0828317 1.0550932 1.0878292 1.0832064 0.8858611 1.1110251 1.0955463 0.6078720 0.7261833 0.7369796 0.7412566 0.7406751 0.6972097 0.6835502 0.2297170 0.2102055 0.3117002 0.0000000 0.8412170 0.8403184 0.7605224 0.8121378 0.8963040 0.9540042 0.9727331 0.9798960 0.9349984 0.8050187 1.2237649 1.3457857 1.2566886 1.2031775 1.1625168 1.3551639 1.3315316 
ChRCoV_HKU24                0.7976794 0.7289981 0.7753128 0.6998920 0.8242563 0.7687627 0.9074848 0.7937447 0.9009476 0.8444243 0.7864888 0.8466478 0.8769914 0.9425154 0.8837258 0.8374857 0.8071024 1.0114127 0.8793720 0.8316605 0.9162137 0.9499380 0.8631040 0.8555254 0.9211589 0.8162285 1.0419722 0.8295493 0.8139460 0.8309791 0.8225392 0.7458839 0.8130057 0.8278185 0.7756388 0.7677945 0.8412170 0.0000000 0.0910394 0.1166317 0.0743199 0.1060508 1.2658892 1.1512190 1.2556607 1.1977198 1.0174786 1.5221600 1.5023154 1.4126278 1.4311731 1.4102049 1.6179499 1.6731129 
MHV                         0.7787971 0.6967774 0.7281921 0.6422662 0.8042315 0.7221152 0.8867773 0.7744330 0.8619041 0.8266174 0.7649733 0.8575228 0.8173514 0.8791085 0.8921120 0.8165644 0.8203041 1.0130189 0.9059227 0.8532138 0.9260390 0.8486007 0.7715386 0.8822549 0.9121411 0.7671522 1.0545176 0.8633455 0.8477044 0.8651024 0.8264702 0.7617579 0.8250783 0.7981839 0.7481367 0.7417690 0.8403184 0.0910394 0.0000000 0.0919397 0.1009158 0.0929942 1.4004506 1.3021186 1.4085902 1.3453616 1.0200494 1.5215771 1.5021914 1.4144630 1.4187071 1.3953587 1.5815221 1.6417914 
MrufCoV_2JL14               0.7683668 0.7097297 0.7656972 0.6779851 0.8101756 0.7592162 0.9113639 0.8094159 0.8974886 0.7977931 0.7536635 0.8539090 0.8537617 0.9437636 0.8812188 0.8176878 0.8031879 1.0395636 0.9281605 0.8711030 0.9290253 0.8613786 0.7724204 0.8728708 0.8416026 0.7944490 0.9427929 0.8847973 0.8588622 0.8764684 0.8748121 0.8590301 0.8919321 0.7211533 0.6464555 0.6737879 0.7605224 0.1166317 0.0919397 0.0000000 0.0822269 0.1297104 1.3811349 1.2580697 1.3511916 1.2902761 1.0190412 1.4947182 1.5016966 1.4195623 1.4176972 1.4070629 1.6144382 1.5555224 
HCoV_OC43                   0.7993441 0.6937717 0.7546261 0.6728356 0.8024073 0.7528264 0.9007254 0.7974497 0.8504924 0.8143003 0.7778354 0.8556171 0.8519185 0.9440585 0.8825075 0.8099813 0.7513752 0.9584722 0.8842545 0.8546156 0.8583257 0.8957355 0.8050622 0.8589372 0.8786625 0.8247127 1.0546752 0.8790320 0.8634123 0.8809408 0.7986915 0.7543512 0.7941110 0.7998843 0.7204377 0.7508174 0.8121378 0.0743199 0.1009158 0.0822269 0.0000000 0.1262876 1.3332752 1.2330906 1.3430643 1.2824003 1.0137562 1.4622843 1.4753464 1.3707899 1.3765320 1.3821741 1.5279817 1.6085259 
HCoV_HKU1                   0.8115948 0.7213451 0.7698799 0.6895981 0.8843215 0.7937351 0.9556464 0.8253603 0.9042545 0.8716529 0.8206327 0.9021504 0.8792077 1.0083062 0.9564731 0.8368612 0.8484018 1.0867255 0.9699453 0.9271796 1.0233035 0.9508879 0.8851946 0.9787749 0.9721972 0.8109733 1.1696436 0.9210480 0.9048211 0.9234739 0.8491468 0.8168182 0.8247226 0.8329301 0.8067799 0.7774899 0.8963040 0.1060508 0.0929942 0.1297104 0.1262876 0.0000000 1.3982454 1.3980297 1.5217775 1.4535222 1.0688369 1.6220077 1.5991255 1.5059421 1.5171996 1.4842316 1.6099728 1.6376470 
BcanCoV_CB17                1.2485101 1.1699198 1.2150127 1.2640504 1.2471818 1.2752003 1.2037155 1.2261219 1.1534626 1.0810216 1.1648022 0.9939180 1.0216553 1.0197146 1.1783479 1.2240489 1.3184923 1.1111452 1.0934723 1.0472597 1.0736346 1.1989805 1.3228404 1.0928192 1.3477030 1.2160038 1.0307525 1.0576364 1.0654128 1.0929524 1.0112585 1.0383850 0.9746763 0.8367020 0.8549329 0.9985202 0.9540042 1.2658892 1.4004506 1.3811349 1.3332752 1.3982454 0.0000000 0.3358997 0.2658037 0.2431429 0.6482085 1.3380801 1.3864383 1.2295611 1.2927543 1.1581910 1.4373719 1.5970600 
DuCoV_2714                  1.1722228 1.0575841 1.0858925 1.0973545 1.1796483 1.1829695 1.1932325 1.1340319 1.1223552 1.0950570 1.1785552 0.8726614 0.9633364 1.0866518 1.0732350 1.1541127 1.2025123 0.9943705 1.0356471 1.0737764 1.1047058 1.1067918 1.2541485 1.0093098 1.2140706 0.9765115 0.9589950 1.0607991 1.0684531 1.1183835 0.9513730 0.9989068 1.0308777 0.9166591 0.8813453 0.9769860 0.9727331 1.1512190 1.3021186 1.2580697 1.2330906 1.3980297 0.3358997 0.0000000 0.1722144 0.1526930 0.5842711 1.1980356 1.2216809 1.2000593 1.2137200 1.1333037 1.3822941 1.4279651 
ACoV_9203                   1.2077100 1.1023584 1.1618643 1.1935116 1.2433389 1.2731008 1.2144626 1.2320232 1.2240791 1.1234271 1.2465803 0.9789044 0.9812354 1.0454747 1.1160707 1.1707495 1.3128006 1.0117624 1.1534305 1.1434777 1.0924221 1.1133512 1.2718254 1.0742137 1.2440427 1.1646949 0.9949453 0.9882187 0.9957496 1.0422382 0.9628911 1.0109429 0.9793526 0.8574148 0.8854871 0.9854426 0.9798960 1.2556607 1.4085902 1.3511916 1.3430643 1.5217775 0.2658037 0.1722144 0.0000000 0.0159660 0.5826892 1.3734863 1.4144666 1.3249459 1.3491097 1.2708068 1.6159161 1.5876434 
IBV                         1.1545625 1.0518158 1.1096477 1.1399772 1.1875691 1.2164250 1.1599103 1.1764148 1.1710002 1.0712428 1.1912978 0.9348356 0.9354581 0.9971734 1.0647053 1.1180785 1.2562280 0.9647675 1.1011259 1.0920805 1.0417784 1.0634580 1.2157303 1.0257144 1.1875779 1.1107609 0.9495057 0.9413955 0.9486397 0.9938176 0.9169895 0.9633733 0.9322815 0.8153293 0.8430894 0.9400456 0.9349984 1.1977198 1.3453616 1.2902761 1.2824003 1.4535222 0.2431429 0.1526930 0.0159660 0.0000000 0.5492658 1.3128928 1.3538731 1.2673703 1.2905561 1.2158310 1.5490299 1.5175621 
BWCoV                       1.3133829 1.2632663 1.3552921 1.3765582 1.3011427 1.3605905 1.4490034 1.3440576 1.2700547 1.0081250 0.9935490 1.1513670 1.1363110 1.1097340 1.1307393 1.2357944 1.4050455 1.2392318 1.1969720 1.1716571 1.1369260 1.2020593 1.2856166 1.0054711 1.1855219 1.1004692 1.0258854 0.9783445 0.9857122 0.9792450 0.7602653 0.8347872 0.8102612 0.7191183 0.6699024 0.7206587 0.8050187 1.0174786 1.0200494 1.0190412 1.0137562 1.0688369 0.6482085 0.5842711 0.5826892 0.5492658 0.0000000 1.3437840 1.4118705 1.3103961 1.3278138 1.2085106 1.5687787 1.5614956 
CMCoV_HKU21                 1.7861567 1.8804179 1.7449772 1.9099000 1.6358211 1.6142617 1.6942667 1.4581547 1.8105014 1.5511017 1.4612700 1.4594696 1.5119013 1.6203687 1.6328874 1.5376858 1.7758099 1.4925063 1.5650911 1.6333291 1.5368107 1.7341257 1.6451900 1.6544232 1.5051528 1.7089383 1.7122984 1.7920316 1.8042951 1.8418675 1.6224605 1.8837960 1.7373537 1.3175515 1.2388199 1.3164057 1.2237649 1.5221600 1.5215771 1.4947182 1.4622843 1.6220077 1.3380801 1.1980356 1.3734863 1.3128928 1.3437840 0.0000000 0.1181374 0.1641368 0.1733244 0.2183458 0.3461973 0.4955323 
BulCV_HKU11                 1.7962165 1.8491034 1.8037833 1.8765105 1.6764329 1.6689490 1.7547293 1.5042895 1.9167618 1.6011776 1.5084143 1.5255565 1.5379513 1.6748492 1.6618375 1.5990468 1.8845530 1.6041804 1.5803994 1.6189055 1.6640185 1.7983121 1.7435513 1.6722324 1.6598957 1.7349579 1.7910863 1.6964497 1.7076304 1.7425671 1.7166980 1.8018190 1.7333456 1.4356085 1.3630818 1.4540709 1.3457857 1.5023154 1.5021914 1.5016966 1.4753464 1.5991255 1.3864383 1.2216809 1.4144666 1.3538731 1.4118705 0.1181374 0.0000000 0.0673004 0.1009701 0.1444013 0.4110145 0.4892665 
WECoV_HKU16                 1.7051518 1.7551554 1.7086534 1.7719962 1.5901474 1.5810578 1.6640701 1.4144805 1.7931557 1.5151221 1.4287109 1.4464475 1.4582827 1.5805169 1.5763340 1.5148330 1.7575466 1.4191494 1.4245437 1.4810457 1.4898532 1.7018776 1.6068637 1.5810624 1.5529023 1.6440724 1.6408514 1.6079438 1.6221540 1.6551029 1.5069145 1.6352293 1.6021391 1.3422412 1.2765354 1.3599682 1.2566886 1.4126278 1.4144630 1.4195623 1.3707899 1.5059421 1.2295611 1.2000593 1.3249459 1.2673703 1.3103961 0.1641368 0.0673004 0.0000000 0.1182858 0.1433110 0.4115097 0.4918387 
PoCoV_HKU15                 1.7529984 1.8329972 1.7214474 1.8329067 1.6121223 1.5939625 1.6871930 1.4490560 1.8440903 1.5305665 1.4453472 1.4805051 1.4398642 1.5547442 1.5699560 1.5253164 1.7854611 1.5015669 1.5011629 1.5091355 1.5660072 1.6288413 1.5943872 1.5704678 1.5888699 1.6400922 1.6330201 1.5690171 1.5827504 1.6153051 1.5235904 1.5782725 1.5174083 1.2774955 1.2224614 1.2946653 1.2031775 1.4311731 1.4187071 1.4176972 1.3765320 1.5171996 1.2927543 1.2137200 1.3491097 1.2905561 1.3278138 0.1733244 0.1009701 0.1182858 0.0000000 0.1174656 0.4279743 0.5018634 
MunCV_HKU13                 1.8027123 1.7783027 1.6874700 1.7645526 1.6370693 1.6352728 1.7920680 1.5521232 1.9548778 1.5357527 1.4502311 1.5463843 1.4641495 1.5076616 1.5726415 1.6091959 1.8979401 1.5382816 1.5115386 1.5690945 1.5725079 1.7075771 1.7020661 1.5044108 1.5903967 1.6036037 1.6378904 1.5696675 1.5831397 1.6150603 1.5560441 1.5853833 1.5687038 1.2762828 1.1906857 1.2830497 1.1625168 1.4102049 1.3953587 1.4070629 1.3821741 1.4842316 1.1581910 1.1333037 1.2708068 1.2158310 1.2085106 0.2183458 0.1444013 0.1433110 0.1174656 0.0000000 0.4661554 0.4789624 
NHCoV_HKU19                 1.6785759 1.8016952 1.5812509 1.6854328 1.5600928 1.5337997 1.6114852 1.3725340 1.6282461 1.4339579 1.3234253 1.4309098 1.4782102 1.3601549 1.4609642 1.5273941 1.6433052 1.5053117 1.4407634 1.4883203 1.5158242 1.6700220 1.5587431 1.6748671 1.4430244 1.6604662 1.6459055 1.7898025 1.8016214 1.8378301 1.6762440 1.8980866 1.7715937 1.4645938 1.3677455 1.4063877 1.3551639 1.6179499 1.5815221 1.6144382 1.5279817 1.6099728 1.4373719 1.3822941 1.6159161 1.5490299 1.5687787 0.3461973 0.4110145 0.4115097 0.4279743 0.4661554 0.0000000 0.5199866 
WiCoV_HKU20                 1.6142801 1.6823174 1.6191351 1.5987947 1.6323387 1.6772433 1.7314970 1.4797627 1.7692201 1.4758981 1.5014337 1.4043858 1.4842620 1.4103298 1.4698148 1.5977880 1.7285266 1.7382619 1.3576703 1.5065061 1.5725079 1.6342629 1.5542919 1.5771206 1.5252733 1.5868632 1.7682417 1.8083375 1.8622326 1.8917278 1.7297408 1.8925364 1.8125166 1.4650423 1.3623915 1.3536730 1.3315316 1.6731129 1.6417914 1.5555224 1.6085259 1.6376470 1.5970600 1.4279651 1.5876434 1.5175621 1.5614956 0.4955323 0.4892665 0.4918387 0.5018634 0.4789624 0.5199866 0.0000000 
